date,SPY,TLT.O,XLK
2015-04-02,0.43329564,0.0003646546,0.5663397
2015-04-06,0.3746196,0.07295103,0.5524294
2015-04-07,0.37466007,0.07287923,0.5524607
2015-04-08,0.42103076,0.016593155,0.562376
2015-04-09,0.37443003,0.07314404,0.55242586
2015-04-10,0.4050351,0.033394765,0.56157005
2015-04-13,0.42846254,0.0086750025,0.5628625
2015-04-14,0.38610697,0.057038844,0.5568542
2015-04-15,0.42241257,0.015434942,0.5621525
2015-04-16,0.41074246,0.027372085,0.56188554
2015-04-17,0.37475353,0.072878174,0.55236834
2015-04-20,0.43044335,0.0050054705,0.5645512
2015-04-21,0.38258755,0.061732873,0.5556796
2015-04-22,0.3870733,0.055492934,0.5574337
2015-04-23,0.41970432,0.017620629,0.562675
2015-04-24,0.42577958,0.012497797,0.5617227
2015-04-27,0.40916508,0.028709443,0.5621255
2015-04-28,0.37459272,0.07292863,0.5524786
2015-04-29,0.4010801,0.037702665,0.5612172
2015-04-30,0.37472615,0.07279772,0.55247617
2015-05-01,0.37467295,0.072826385,0.55250067
2015-05-04,0.37431696,0.073155634,0.5525274
2015-05-05,0.37454924,0.07290477,0.55254596
2015-05-06,0.39001292,0.050956257,0.5590308
2015-05-07,0.37459886,0.072788976,0.5526122
2015-05-08,0.37431124,0.073072195,0.5526166
2015-05-11,0.3744259,0.07304826,0.5525259
2015-05-12,0.374584,0.072754875,0.5526611
2015-05-13,0.37450147,0.07288501,0.5526135
2015-05-14,0.38949674,0.051624943,0.5588783
2015-05-15,0.37453172,0.07283736,0.552631
2015-05-18,0.41499215,0.022224497,0.5627833
2015-05-19,0.3778174,0.068000495,0.5541821
2015-05-20,0.37432778,0.07306711,0.5526051
2015-05-21,0.407876,0.029808229,0.56231576
2015-05-22,0.43134367,0.0028832743,0.565773
2015-05-26,0.3851924,0.057957854,0.5568498
2015-05-27,0.37464058,0.07278004,0.5525794
2015-05-28,0.40124905,0.037417453,0.56133354
2015-05-29,0.40385613,0.034713596,0.5614303
2015-06-01,0.42614725,0.011773234,0.56207955
2015-06-02,0.37894493,0.06665852,0.55439657
2015-06-03,0.3744739,0.07310145,0.55242467
2015-06-04,0.37464395,0.072891295,0.5524647
2015-06-05,0.4125538,0.025360422,0.56208575
2015-06-08,0.37474695,0.072847724,0.55240536
2015-06-09,0.37458682,0.07289603,0.5525171
2015-06-10,0.3747439,0.07279853,0.5524576
2015-06-11,0.37460786,0.072956316,0.5524359
2015-06-12,0.37468776,0.07277429,0.55253786
2015-06-15,0.37454635,0.07297383,0.55247986
2015-06-16,0.37504855,0.07247231,0.5524791
2015-06-17,0.38435087,0.059293143,0.556356
2015-06-18,0.37467864,0.072841115,0.5524803
2015-06-19,0.37466723,0.07292459,0.5524082
2015-06-22,0.37469128,0.0727627,0.552546
2015-06-23,0.37509125,0.072377786,0.55253094
2015-06-24,0.37466013,0.07280456,0.5525353
2015-06-25,0.42984134,0.0059437226,0.56421494
2015-06-26,0.38493943,0.058395963,0.5566646
2015-06-29,0.37446865,0.072964974,0.5525664
2015-06-30,0.39058837,0.04999211,0.5594196
2015-07-01,0.37462854,0.072850585,0.5525209
2015-07-02,0.37461048,0.07280068,0.5525888
2015-07-06,0.37448972,0.072867714,0.5526426
2015-07-07,0.3743222,0.073529914,0.55214787
2015-07-08,0.3745556,0.07354919,0.5518952
2015-07-09,0.37626913,0.071565785,0.5521651
2015-07-10,0.37459347,0.07367479,0.55173177
2015-07-13,0.37535554,0.07435106,0.5502934
2015-07-14,0.37562123,0.07490817,0.5494706
2015-07-15,0.37579688,0.074817106,0.549386
2015-07-16,0.40421084,0.037354004,0.5584352
2015-07-17,0.42162097,0.0027292778,0.5756498
2015-07-20,0.37471414,0.07276399,0.5525219
2015-07-21,0.40529177,0.037578207,0.55713004
2015-07-22,0.42529997,0.0073667914,0.5673332
2015-07-23,0.39257032,0.043823756,0.563606
2015-07-24,0.43493924,0.00210986,0.56295085
2015-07-27,0.43226793,8.995961e-05,0.5676421
2015-07-28,0.4181208,0.017205277,0.56467396
2015-07-29,0.37448865,0.07256645,0.55294484
2015-07-30,0.43177876,0.0006892827,0.56753194
2015-07-31,0.39856997,0.03991963,0.5615104
2015-08-03,0.3799416,0.06480999,0.5552484
2015-08-04,0.39839354,0.028299283,0.5733072
2015-08-05,0.37501013,0.06914205,0.5558479
2015-08-06,0.37456837,0.07364374,0.55178785
2015-08-07,0.40913025,0.021662608,0.56920713
2015-08-10,0.37469152,0.072954625,0.55235386
2015-08-11,0.375257,0.07517761,0.5495655
2015-08-12,0.37617368,0.07428098,0.5495454
2015-08-13,0.37506726,0.07363477,0.55129796
2015-08-14,0.37362197,0.0724007,0.5539773
2015-08-17,0.37442988,0.0721125,0.55345756
2015-08-18,0.42938757,0.0031878664,0.5674246
2015-08-19,0.3742475,0.07127699,0.55447555
2015-08-20,0.37480795,0.069664486,0.5555276
2015-08-21,0.37453914,0.074426085,0.5510348
2015-08-24,0.3748974,0.0757149,0.54938775
2015-08-25,0.37734377,0.07634626,0.54630995
2015-08-26,0.38299197,0.081636965,0.53537107
2015-08-27,0.38557577,0.091781236,0.52264297
2015-08-28,0.38732105,0.09058956,0.52208936
2015-08-31,0.38618785,0.09179926,0.52201295
2015-09-01,0.3864188,0.09157418,0.5220071
2015-09-02,0.38798043,0.089997575,0.522022
2015-09-03,0.3880468,0.089907676,0.5220455
2015-09-04,0.38754225,0.09066149,0.5217963
2015-09-08,0.3871051,0.09112064,0.52177423
2015-09-09,0.38818336,0.08956849,0.52224815
2015-09-10,0.4463318,0.0004090655,0.5532591
2015-09-11,0.46786028,9.401042e-05,0.53204566
2015-09-14,0.38577986,0.080221884,0.53399825
2015-09-15,0.38501644,0.03235499,0.58262867
2015-09-16,0.42535928,7.5783784e-05,0.57456493
2015-09-17,0.3982679,1.2132254e-07,0.601732
2015-09-18,0.36161992,2.6694056e-07,0.6383799
2015-09-21,0.42356873,6.0500042e-05,0.5763708
2015-09-22,0.37271193,0.0012948995,0.62599313
2015-09-23,0.34243757,3.2709793e-06,0.6575592
2015-09-24,0.3823189,1.3803459e-05,0.6176673
2015-09-25,0.35592797,0.027306493,0.6167655
2015-09-28,0.3360242,0.0375728,0.62640303
2015-09-29,0.35355642,0.056446474,0.5899972
2015-09-30,0.3782712,0.077954315,0.5437745
2015-10-01,0.3738252,0.06097467,0.5652001
2015-10-02,0.43041596,0.00041597662,0.5691681
2015-10-05,0.37609196,0.0813574,0.54255056
2015-10-06,0.36707973,0.062051885,0.5708684
2015-10-07,0.36948556,0.061464455,0.56904995
2015-10-08,0.36883467,0.069058396,0.56210697
2015-10-09,0.35548705,0.05902444,0.58548844
2015-10-12,0.3876447,0.0570372,0.5553181
2015-10-13,0.36686185,0.05833968,0.5747984
2015-10-14,0.3731349,0.014038139,0.61282694
2015-10-15,0.45854837,0.005585295,0.5358663
2015-10-16,0.3841269,0.08545376,0.5304194
2015-10-19,0.38738418,0.08672968,0.5258861
2015-10-20,0.45851249,0.013116841,0.52837074
2015-10-21,0.4541256,0.018592605,0.52728176
2015-10-22,0.46178865,0.007167626,0.53104365
2015-10-23,0.46572456,0.00087624334,0.5333993
2015-10-26,0.3769015,0.07606043,0.5470381
2015-10-27,0.40548888,0.004578862,0.58993226
2015-10-28,0.46049944,0.0010240853,0.5384765
2015-10-29,0.38250026,0.07973449,0.53776526
2015-10-30,0.41206577,0.02760344,0.5603308
2015-11-02,0.3878459,0.0866492,0.5255049
2015-11-03,0.38401237,0.07700671,0.53898096
2015-11-04,0.41529188,5.113504e-05,0.5846571
2015-11-05,0.4077531,1.0104022e-05,0.5922368
2015-11-06,0.36454773,0.026762735,0.6086895
2015-11-09,0.3809508,0.01741887,0.60163033
2015-11-10,0.36693096,0.05963706,0.57343197
2015-11-11,0.36338466,0.060149673,0.5764657
2015-11-12,0.43383622,0.002457716,0.56370604
2015-11-13,0.37874532,0.07581885,0.54543585
2015-11-16,0.3785693,0.07771533,0.54371536
2015-11-17,0.37581357,0.07727712,0.54690933
2015-11-18,0.3795822,0.0799495,0.5404683
2015-11-19,0.3707372,0.07129181,0.55797106
2015-11-20,0.37402937,0.07385911,0.5521115
2015-11-23,0.36719927,0.06626417,0.5665366
2015-11-24,0.3667159,0.065406226,0.5678779
2015-11-25,0.3769947,0.05003412,0.57297117
2015-11-27,0.3676889,0.061067484,0.57124364
2015-11-30,0.35960189,0.055154644,0.58524346
2015-12-01,0.4019441,0.010457287,0.5875987
2015-12-02,0.4256406,0.0006848514,0.5736745
2015-12-03,0.38531095,0.044069137,0.57061994
2015-12-04,0.43429095,0.0061340183,0.559575
2015-12-07,0.4134805,0.0010920006,0.58542746
2015-12-08,0.4037582,0.030728504,0.56551325
2015-12-09,0.43551,0.0011214061,0.5633686
2015-12-10,0.42742816,0.0001663327,0.57240546
2015-12-11,0.376849,0.07510124,0.5480498
2015-12-14,0.37621814,0.07565486,0.548127
2015-12-15,0.37352717,0.07211939,0.5543535
2015-12-16,0.37451643,0.073842436,0.55164117
2015-12-17,0.36910775,0.06593569,0.56495655
2015-12-18,0.36763683,0.06370439,0.56865877
2015-12-21,0.3699296,0.06681313,0.56325734
2015-12-22,0.3645153,0.060351092,0.5751336
2015-12-23,0.36449328,0.060000215,0.5755065
2015-12-24,0.4005177,0.019482264,0.58000004
2015-12-28,0.37295094,0.04383229,0.5832168
2015-12-29,0.36844423,0.065275885,0.5662798
2015-12-30,0.4141677,0.025989395,0.5598428
2015-12-31,0.43146962,0.0051394477,0.5633909
2016-01-04,0.37119198,0.066516034,0.562292
2016-01-05,0.36798897,0.06374146,0.56826955
2016-01-06,0.43556365,0.009534587,0.5549018
2016-01-07,0.43301177,0.017485335,0.54950285
2016-01-08,0.42449668,0.02509116,0.55041224
2016-01-11,0.3747672,0.07525391,0.5499788
2016-01-12,0.3708063,0.07050882,0.5586848
2016-01-13,0.37214902,0.07127579,0.5565752
2016-01-14,0.39843544,0.034271218,0.5672933
2016-01-15,0.37354878,0.074070774,0.5523805
2016-01-19,0.3691013,0.06887179,0.562027
2016-01-20,0.3692414,0.06708541,0.5636732
2016-01-21,0.37195235,0.06921346,0.55883414
2016-01-22,0.37058127,0.06820509,0.5612137
2016-01-25,0.36794892,0.06380199,0.56824917
2016-01-26,0.37334168,0.071613766,0.55504453
2016-01-27,0.40136242,0.032375682,0.5662619
2016-01-28,0.36910692,0.061493523,0.5693996
2016-01-29,0.37581858,0.07624634,0.54793507
2016-02-01,0.42372197,0.0033539468,0.5729241
2016-02-02,0.42318526,0.00028096122,0.5765338
2016-02-03,0.43269482,0.010071677,0.55723345
2016-02-04,0.4163663,0.008952848,0.5746809
2016-02-05,0.4170807,0.0017054279,0.58121383
2016-02-08,0.37126634,0.06848898,0.5602447
2016-02-09,0.4180198,0.0030060653,0.5789741
2016-02-10,0.37250867,0.069516696,0.55797464
2016-02-11,0.37462214,0.07332633,0.5520515
2016-02-12,0.42453146,0.011170253,0.5642983
2016-02-16,0.37273136,0.07138137,0.5558873
2016-02-17,0.37008628,0.068792194,0.56112146
2016-02-18,0.37272778,0.07017224,0.5571
2016-02-19,0.43056804,0.0063888934,0.56304306
2016-02-22,0.3737383,0.07096769,0.55529404
2016-02-23,0.37385955,0.072874956,0.5532654
2016-02-24,0.37503186,0.07336101,0.55160713
2016-02-25,0.4105736,0.025054745,0.56437165
2016-02-26,0.4328505,0.009994653,0.55715483
2016-02-29,0.37638146,0.074499674,0.5491189
2016-03-01,0.44165248,0.0015146038,0.55683285
2016-03-02,0.41637442,0.018656932,0.56496865
2016-03-03,0.37403804,0.071039096,0.5549229
2016-03-04,0.41789395,0.019727532,0.56237847
2016-03-07,0.42563814,0.0067906114,0.56757116
2016-03-08,0.42302492,0.0057163364,0.5712587
2016-03-09,0.3744681,0.072148405,0.5533835
2016-03-10,0.42753863,0.0041716965,0.5682897
2016-03-11,0.37390986,0.07029082,0.55579937
2016-03-14,0.37458974,0.07254311,0.5528672
2016-03-15,0.374226,0.07150397,0.55427
2016-03-16,0.3742629,0.07235053,0.5533865
2016-03-17,0.39325553,0.05199773,0.55474675
2016-03-18,0.41038078,0.029955365,0.5596639
2016-03-21,0.38373712,0.059081424,0.5571815
2016-03-22,0.4188413,0.014066258,0.5670925
2016-03-23,0.43132135,0.00082742475,0.5678513
2016-03-24,0.43914616,0.0103386175,0.55051523
2016-03-28,0.4392875,0.0029329576,0.55777955
2016-03-29,0.3737567,0.072134115,0.5541092
2016-03-30,0.40393767,0.032132957,0.5639293
2016-03-31,0.4277291,0.008679141,0.5635918
2016-04-01,0.37508547,0.073480584,0.5514339
2016-04-04,0.43208244,0.011560507,0.556357
2016-04-05,0.38926116,0.05028777,0.56045103
2016-04-06,0.37474975,0.07371718,0.55153304
2016-04-07,0.3745902,0.072853,0.5525568
2016-04-08,0.39901423,0.03970334,0.56128246
2016-04-11,0.3737744,0.07063946,0.5555861
2016-04-12,0.37452742,0.07289841,0.55257416
2016-04-13,0.37498978,0.07422926,0.55078095
2016-04-14,0.37405017,0.07103544,0.5549144
2016-04-15,0.37465975,0.07300963,0.55233055
2016-04-18,0.40437004,0.0303719,0.565258
2016-04-19,0.40386593,0.03417507,0.56195897
2016-04-20,0.41189924,0.026761457,0.5613393
2016-04-21,0.42340815,0.008121697,0.56847024
2016-04-22,0.40265778,0.029805342,0.5675369
2016-04-25,0.4351647,0.0055582067,0.5592772
2016-04-26,0.42509833,0.0054857624,0.5694159
2016-04-27,0.42200834,0.013240538,0.56475115
2016-04-28,0.43000153,0.015559633,0.5544388
2016-04-29,0.38547242,0.05424968,0.5602779
2016-05-02,0.37441036,0.07268312,0.5529066
2016-05-03,0.41265395,0.016672933,0.57067317
2016-05-04,0.37482548,0.07306164,0.5521129
2016-05-05,0.37560415,0.07386254,0.55053335
2016-05-06,0.37481976,0.07315089,0.5520293
2016-05-09,0.37460813,0.073128924,0.55226296
2016-05-10,0.3764907,0.07105861,0.5524506
2016-05-11,0.37773442,0.068368,0.55389756
2016-05-12,0.37469685,0.07292963,0.5523735
2016-05-13,0.37473017,0.07276154,0.55250823
2016-05-16,0.37469634,0.072821185,0.5524825
2016-05-17,0.37474382,0.07276369,0.5524925
2016-05-18,0.3975915,0.04128122,0.56112725
2016-05-19,0.37468648,0.072752304,0.5525612
2016-05-20,0.39350533,0.046351068,0.5601436
2016-05-23,0.42351344,0.01454657,0.56194
2016-05-24,0.37460142,0.07294137,0.55245715
2016-05-25,0.39076033,0.05001612,0.55922353
2016-05-26,0.4041571,0.034440823,0.56140214
2016-05-27,0.37453973,0.07303418,0.55242616
2016-05-31,0.42966962,0.006750993,0.56357944
2016-06-01,0.37466747,0.07281137,0.5525212
2016-06-02,0.3743958,0.07314911,0.5524551
2016-06-03,0.39617226,0.042936806,0.5608909
2016-06-06,0.40164465,0.036969434,0.5613859
2016-06-07,0.37469473,0.072815485,0.55248976
2016-06-08,0.42647225,0.011267599,0.5622601
2016-06-09,0.3868867,0.05557402,0.5575393
2016-06-10,0.3890118,0.05253966,0.5584485
2016-06-13,0.40189537,0.036788173,0.56131643
2016-06-14,0.3746034,0.07291074,0.5524858
2016-06-15,0.3745183,0.07299833,0.5524834
2016-06-16,0.3743428,0.07323714,0.5524201
2016-06-17,0.37439245,0.07321511,0.5523924
2016-06-20,0.3742053,0.073440164,0.5523546
2016-06-21,0.37425485,0.0734349,0.5523103
2016-06-22,0.37435272,0.07336912,0.55227816
2016-06-23,0.37434667,0.07332908,0.55232424
2016-06-24,0.37424034,0.07346129,0.5522984
2016-06-27,0.37408158,0.07375342,0.55216503
2016-06-28,0.37502894,0.07568125,0.5492898
2016-06-29,0.37601137,0.07474533,0.54924333
2016-06-30,0.37607652,0.074767955,0.54915553
2016-07-01,0.37593028,0.07492723,0.5491425
2016-07-05,0.43044424,0.019632278,0.5499234
2016-07-06,0.42482817,0.023488449,0.55168337
2016-07-07,0.44338435,0.0050516687,0.55156404
2016-07-08,0.44573525,0.00060739345,0.55365735
2016-07-11,0.44457084,0.003728058,0.55170107
2016-07-12,0.44100496,0.0104069505,0.54858804
2016-07-13,0.44445905,0.00018074054,0.5553602
2016-07-14,0.43176165,1.5660646e-05,0.56822276
2016-07-15,0.44558865,0.0015080294,0.5529033
2016-07-18,0.38275823,0.068478696,0.5487631
2016-07-19,0.42677525,0.00040464662,0.5728201
2016-07-20,0.42793757,0.0020628525,0.5699995
2016-07-21,0.42012084,0.011025891,0.56885326
2016-07-22,0.41695046,0.00016401334,0.58288556
2016-07-25,0.39586365,0.058324356,0.54581195
2016-07-26,0.37577185,0.07304543,0.5511827
2016-07-27,0.39189255,0.0038676322,0.6042398
2016-07-28,0.38722667,0.06569499,0.5470783
2016-07-29,0.38221362,0.083635285,0.5341511
2016-08-01,0.3833023,0.07564778,0.54104996
2016-08-02,0.38944352,0.08809047,0.522466
2016-08-03,0.38593927,0.084896214,0.52916443
2016-08-04,0.42897654,0.013243561,0.5577799
2016-08-05,0.3881422,0.08793689,0.52392095
2016-08-08,0.3840203,0.08316246,0.5328172
2016-08-09,0.38568112,0.086623706,0.5276952
2016-08-10,0.38626748,0.08594838,0.5277841
2016-08-11,0.3884381,0.08901887,0.52254295
2016-08-12,0.38843343,0.086785704,0.5247808
2016-08-15,0.44555995,0.029023444,0.5254167
2016-08-16,0.38895088,0.08860582,0.5224433
2016-08-17,0.4217608,0.006474372,0.57176477
2016-08-18,0.38934004,0.08851768,0.5221423
2016-08-19,0.38946524,0.088454835,0.52207994
2016-08-22,0.4402912,0.037601676,0.5221071
2016-08-23,0.45876685,0.0124880355,0.52874506
2016-08-24,0.4237611,0.053542692,0.5226962
2016-08-25,0.46696213,0.00012288391,0.53291494
2016-08-26,0.4088915,0.06738823,0.52372026
2016-08-29,0.39922616,0.07844753,0.52232635
2016-08-30,0.45248434,0.0053741527,0.54214144
2016-08-31,0.3892583,0.08850103,0.52224064
2016-09-01,0.4424649,0.03526746,0.5222677
2016-09-02,0.43576235,0.04281957,0.5214181
2016-09-06,0.38944823,0.088153064,0.5223987
2016-09-07,0.40993667,0.01236047,0.5777028
2016-09-08,0.43911752,0.010595289,0.5502872
2016-09-09,0.39883035,0.05436594,0.54680365
2016-09-12,0.40088984,0.07107591,0.52803427
2016-09-13,0.3884094,0.08709337,0.5244973
2016-09-14,0.3721669,0.06835037,0.55948275
2016-09-15,0.3615352,0.057899993,0.58056486
2016-09-16,0.37478054,0.07139936,0.55382013
2016-09-19,0.3738575,0.07013348,0.556009
2016-09-20,0.35856175,0.052772634,0.58866554
2016-09-21,0.36117417,0.057323627,0.5815022
2016-09-22,0.35714775,0.05272439,0.5901279
2016-09-23,0.3600878,0.05553757,0.5843746
2016-09-26,0.3570001,0.04245375,0.6005462
2016-09-27,0.36447567,0.028366815,0.6071575
2016-09-28,0.37394428,0.035868995,0.5901867
2016-09-29,0.3666659,0.059668362,0.5736657
2016-09-30,0.38548058,0.010620341,0.6038991
2016-10-03,0.39077935,0.008923191,0.60029745
2016-10-04,0.37721,0.0751587,0.54763126
2016-10-05,0.4399163,0.0024072065,0.55767643
2016-10-06,0.45238692,0.0006446753,0.54696846
2016-10-07,0.44760412,0.025889844,0.52650607
2016-10-10,0.41314474,0.061681107,0.52517414
2016-10-11,0.44212025,0.031803586,0.52607614
2016-10-12,0.45125648,0.023473393,0.5252701
2016-10-13,0.43821663,0.040225815,0.52155757
2016-10-14,0.38907465,0.08854099,0.52238435
2016-10-17,0.3881534,0.08941192,0.52243465
2016-10-18,0.38824615,0.08907083,0.52268296
2016-10-19,0.3869433,0.0862643,0.52679235
2016-10-20,0.38884336,0.08875671,0.5223999
2016-10-21,0.38927445,0.08851273,0.5222128
2016-10-24,0.38685215,0.08696616,0.5261817
2016-10-25,0.40201715,0.06995175,0.52803105
2016-10-26,0.37717023,0.08089361,0.54193616
2016-10-27,0.37834996,0.078246966,0.5434031
2016-10-28,0.43983543,0.022161292,0.53800327
2016-10-31,0.3728295,0.075275704,0.5518947
2016-11-01,0.38384554,0.082480446,0.53367406
2016-11-02,0.3741879,0.07478695,0.5510251
2016-11-03,0.40364897,0.031450626,0.5649004
2016-11-04,0.37860054,0.079213925,0.5421855
2016-11-07,0.3733462,0.07241319,0.5542406
2016-11-08,0.36682272,0.06442351,0.5687538
2016-11-09,0.37767643,0.074205495,0.5481181
2016-11-10,0.3690174,0.059956603,0.571026
2016-11-11,0.3729656,0.04901599,0.5780184
2016-11-14,0.37763464,0.048458178,0.57390714
2016-11-15,0.36948955,0.045580525,0.5849299
2016-11-16,0.38615942,0.005921547,0.60791904
2016-11-17,0.3611091,0.03784405,0.60104686
2016-11-18,0.36636433,0.030547015,0.6030886
2016-11-21,0.39251462,0.00019318193,0.60729223
2016-11-22,0.4020246,0.00027931476,0.5976961
2016-11-23,0.40581775,0.00048602943,0.59369624
2016-11-25,0.42766598,0.0002763728,0.57205766
2016-11-28,0.44519618,0.0012783406,0.5535255
2016-11-29,0.43870628,0.0009600797,0.5603336
2016-11-30,0.45260137,0.00051264546,0.546886
2016-12-01,0.42751947,0.0148813985,0.5575991
2016-12-02,0.407561,0.052945163,0.53949386
2016-12-05,0.38189784,0.07950901,0.5385931
2016-12-06,0.36913273,0.07985227,0.55101496
2016-12-07,0.36299708,0.07779156,0.5592113
2016-12-08,0.3659521,0.07128648,0.56276137
2016-12-09,0.34879053,0.07797454,0.57323486
2016-12-12,0.35512415,0.08147476,0.56340116
2016-12-13,0.3698512,0.078871615,0.55127716
2016-12-14,0.396934,0.034022227,0.5690438
2016-12-15,0.364149,0.058992587,0.5768584
2016-12-16,0.3644876,0.06989638,0.565616
2016-12-19,0.39937595,0.053112507,0.5475115
2016-12-20,0.3688215,0.07508902,0.55608946
2016-12-21,0.36263776,0.07293426,0.56442803
2016-12-22,0.37167516,0.062393557,0.56593126
2016-12-23,0.4232331,0.010318831,0.56644803
2016-12-27,0.35211572,0.045425717,0.60245854
2016-12-28,0.35603914,0.017381271,0.6265796
2016-12-29,0.3344825,0.03920871,0.6263088
2016-12-30,0.34545493,0.046647146,0.60789794
2017-01-03,0.3307351,0.026800549,0.64246446
2017-01-04,0.3358254,0.038892306,0.6252823
2017-01-05,0.35994902,0.047925226,0.5921257
2017-01-06,0.31900194,0.026615715,0.6543823
2017-01-09,0.3315126,0.014225994,0.6542614
2017-01-10,0.36452156,0.02884535,0.6066331
2017-01-11,0.401454,0.0026110902,0.5959349
2017-01-12,0.35614714,0.029984232,0.6138686
2017-01-13,0.38018838,0.00488343,0.6149282
2017-01-17,0.4205711,0.026973316,0.55245566
2017-01-18,0.43377843,0.03768638,0.5285351
2017-01-19,0.4663392,0.0023897858,0.531271
2017-01-20,0.45806205,0.013602598,0.5283354
2017-01-23,0.40254915,0.058931742,0.5385191
2017-01-24,0.41020358,0.067978136,0.5218183
2017-01-25,0.4167856,0.059937526,0.52327687
2017-01-26,0.38501972,0.08194404,0.53303623
2017-01-27,0.36060002,0.066233166,0.5731669
2017-01-30,0.36658707,0.08286044,0.5505524
2017-01-31,0.3556923,0.042661097,0.6016466
2017-02-01,0.33771172,0.04351399,0.6187743
2017-02-02,0.38321558,0.08860381,0.5281806
2017-02-03,0.3859118,0.081626795,0.5324614
2017-02-06,0.37476,0.07188531,0.5533547
2017-02-07,0.36710468,0.07691072,0.55598456
2017-02-08,0.37486938,0.073499285,0.55163133
2017-02-09,0.34562165,0.028193787,0.6261846
2017-02-10,0.36540207,0.03182941,0.60276854
2017-02-13,0.38305742,0.062350474,0.5545922
2017-02-14,0.3440978,0.025663916,0.63023823
2017-02-15,0.39716315,0.070115045,0.5327219
2017-02-16,0.3561085,0.025844518,0.61804694
2017-02-17,0.35472578,0.038561955,0.6067122
2017-02-21,0.37432492,0.06556945,0.5601056
2017-02-22,0.36339837,0.05651914,0.5800824
2017-02-23,0.34815723,0.048063844,0.6037789
2017-02-24,0.3792035,0.06831437,0.5524822
2017-02-27,0.33817625,0.038311735,0.623512
2017-02-28,0.3760749,0.06167098,0.56225413
2017-03-01,0.42310792,0.04174107,0.53515095
2017-03-02,0.3509042,0.050018888,0.5990769
2017-03-03,0.3713596,0.06940876,0.55923164
2017-03-06,0.3657793,0.052489843,0.58173084
2017-03-07,0.3707596,0.0668509,0.56238955
2017-03-08,0.38965568,0.0880218,0.5223226
2017-03-09,0.3915016,0.086276084,0.5222223
2017-03-10,0.40993005,0.061917204,0.5281527
2017-03-13,0.39935327,0.056482308,0.5441645
2017-03-14,0.36903206,0.049424574,0.5815434
2017-03-15,0.37292844,0.06564747,0.5614241
2017-03-16,0.3801916,0.012564529,0.6072438
2017-03-17,0.36326653,0.028841782,0.6078916
2017-03-20,0.3720024,0.03995537,0.5880422
2017-03-21,0.3626408,0.036762606,0.60059655
2017-03-22,0.36055663,0.049947344,0.589496
2017-03-23,0.38510323,0.030547203,0.5843496
2017-03-24,0.3602659,0.02860367,0.6111304
2017-03-27,0.36340332,0.045127332,0.59146935
2017-03-28,0.37183952,0.06920177,0.55895865
2017-03-29,0.37472117,0.07639467,0.5488841
2017-03-30,0.38526276,0.054228265,0.560509
2017-03-31,0.4128978,0.035820805,0.55128133
2017-04-03,0.39006615,0.077598065,0.5323357
2017-04-04,0.3859753,0.08070273,0.533322
2017-04-05,0.3871351,0.079956174,0.53290874
2017-04-06,0.38955036,0.081147805,0.5293018
2017-04-07,0.40476185,0.060209364,0.53502876
2017-04-10,0.40006286,0.062092848,0.53784424
2017-04-11,0.39008334,0.083978124,0.5259386
2017-04-12,0.38785738,0.07932416,0.5328185
2017-04-13,0.38171166,0.07920511,0.5390832
2017-04-17,0.3897297,0.07814433,0.53212595
2017-04-18,0.37895834,0.065939926,0.55510175
2017-04-19,0.3703207,0.06001933,0.56965995
2017-04-20,0.38469967,0.07965542,0.53564495
2017-04-21,0.3735104,0.06965182,0.5568378
2017-04-24,0.37533218,0.06644315,0.5582246
2017-04-25,0.37100518,0.06694825,0.5620466
2017-04-26,0.36585906,0.068017974,0.56612295
2017-04-27,0.35416397,0.051642947,0.59419304
2017-04-28,0.39078417,0.03257207,0.57664376
2017-05-01,0.42709973,0.017234387,0.5556659
2017-05-02,0.40965912,0.0073093697,0.5830315
2017-05-03,0.44677207,0.006528224,0.54669976
2017-05-04,0.4095557,0.015040148,0.57540417
2017-05-05,0.43057567,0.0028365408,0.56658775
2017-05-08,0.44343206,0.003767396,0.55280054
2017-05-09,0.4370759,0.010974581,0.55194956
2017-05-10,0.42829376,0.010777149,0.5609292
2017-05-11,0.43087876,0.021785583,0.5473356
2017-05-12,0.4418831,0.0069851335,0.5511318
2017-05-15,0.41300014,0.014496828,0.57250303
2017-05-16,0.350134,0.08454118,0.56532484
2017-05-17,0.33929354,0.0708888,0.58981764
2017-05-18,0.35834768,0.08485971,0.5567926
2017-05-19,0.36583623,0.08412203,0.55004174
2017-05-22,0.3488198,0.082901634,0.5682786
2017-05-23,0.35614824,0.08805501,0.5557967
2017-05-24,0.37412545,0.090063415,0.5358111
2017-05-25,0.3628489,0.0889958,0.54815525
2017-05-26,0.355378,0.08803412,0.5565878
2017-05-30,0.39264864,0.06316119,0.54419017
2017-05-31,0.3746586,0.08900907,0.53633237
2017-06-01,0.36365932,0.089084186,0.54725647
2017-06-02,0.36492956,0.08928237,0.54578805
2017-06-05,0.4343403,0.023563331,0.5420963
2017-06-06,0.39478263,0.006438225,0.59877914
2017-06-07,0.4077277,0.070328556,0.52194375
2017-06-08,0.39326614,0.08693258,0.5198013
2017-06-09,0.4250748,0.01069686,0.5642283
2017-06-12,0.42276695,0.0042910227,0.572942
2017-06-13,0.3712074,0.043249276,0.5855434
2017-06-14,0.37970755,0.009032322,0.6112601
2017-06-15,0.3703883,0.08326012,0.5463516
2017-06-16,0.39951056,0.027053447,0.57343596
2017-06-19,0.333341,0.0019139424,0.66474503
2017-06-20,0.36881986,0.07592438,0.5552558
2017-06-21,0.3897451,0.08572812,0.52452683
2017-06-22,0.43309018,0.021043118,0.54586667
2017-06-23,0.37934175,0.08265324,0.53800505
2017-06-26,0.37625372,0.08477535,0.538971
2017-06-27,0.35622796,0.0033783403,0.6403937
2017-06-28,0.33724812,0.019477537,0.64327437
2017-06-29,0.37815583,0.036128875,0.58571523
2017-06-30,0.37366152,0.057771895,0.5685666
2017-07-03,0.31354424,0.019607803,0.66684794
2017-07-05,0.36709526,0.06408378,0.5688209
2017-07-06,0.3529728,0.05853364,0.5884935
2017-07-07,0.34599862,0.035464227,0.6185372
2017-07-10,0.3666069,0.06472125,0.56867194
2017-07-11,0.32541737,0.013156079,0.66142654
2017-07-12,0.34280336,0.06453492,0.5926617
2017-07-13,0.3740052,0.07651034,0.54948443
2017-07-14,0.35253486,0.07305798,0.57440716
2017-07-17,0.38897246,0.029444575,0.58158296
2017-07-18,0.38570806,0.084813654,0.5294784
2017-07-19,0.37183022,0.02487261,0.6032972
2017-07-20,0.3892355,0.08827518,0.5224893
2017-07-21,0.4016242,0.019554634,0.5788212
2017-07-24,0.41937658,0.0050191246,0.5756044
2017-07-25,0.4084209,0.07179606,0.519783
2017-07-26,0.43053058,0.04640902,0.5230604
2017-07-27,0.44755954,0.025017511,0.527423
2017-07-28,0.4404043,0.036750954,0.52284473
2017-07-31,0.4396528,0.011831719,0.5485155
2017-08-01,0.44314015,0.008780646,0.54807913
2017-08-02,0.41468126,0.058232013,0.5270868
2017-08-03,0.3814667,0.08457246,0.5339608
2017-08-04,0.38905495,0.08843297,0.52251214
2017-08-07,0.3897141,0.087923184,0.5223627
2017-08-08,0.3879407,0.087772936,0.52428645
2017-08-09,0.38940135,0.088622674,0.521976
2017-08-10,0.38949698,0.08803548,0.5224676
2017-08-11,0.38922513,0.08823759,0.5225373
2017-08-14,0.37091863,0.062766396,0.566315
2017-08-15,0.3765163,0.0706888,0.55279493
2017-08-16,0.37018904,0.057661235,0.5721497
2017-08-17,0.3701182,0.05546423,0.5744176
2017-08-18,0.37028933,0.05511743,0.5745932
2017-08-21,0.35191107,0.0288721,0.61921686
2017-08-22,0.35157928,0.029635105,0.6187856
2017-08-23,0.33451807,0.018084714,0.6473972
2017-08-24,0.344305,0.023485499,0.6322095
2017-08-25,0.345483,0.024562003,0.629955
2017-08-28,0.33759838,0.0046085175,0.6577931
2017-08-29,0.3201561,0.0078896005,0.67195433
2017-08-30,0.3547756,0.026460443,0.6187639
2017-08-31,0.35701436,0.034084644,0.60890096
2017-09-01,0.35149804,0.011712712,0.63678926
2017-09-05,0.38606554,0.0008002015,0.61313426
2017-09-06,0.42285818,0.0013996698,0.5757421
2017-09-07,0.37421054,0.0152963195,0.6104931
2017-09-08,0.3764886,0.06951142,0.55399996
2017-09-11,0.4576976,0.015057236,0.5272451
2017-09-12,0.45738345,0.0015948444,0.54102165
2017-09-13,0.45837927,0.014562201,0.52705854
2017-09-14,0.38398507,0.08510262,0.5309123
2017-09-15,0.40474832,0.04864402,0.5466076
2017-09-18,0.43306383,0.031202756,0.53573346
2017-09-19,0.38962287,0.08802048,0.5223566
2017-09-20,0.42621812,0.025670864,0.548111
2017-09-21,0.4144307,0.054208606,0.5313607
2017-09-22,0.38961896,0.08806916,0.52231187
2017-09-25,0.38018146,0.07497866,0.5448399
2017-09-26,0.37898108,0.07405232,0.5469666
2017-09-27,0.3868939,0.08246959,0.5306365
2017-09-28,0.3781239,0.069837704,0.55203843
2017-09-29,0.4279881,0.014150417,0.55786145
2017-10-02,0.38335913,0.0765429,0.54009795
2017-10-03,0.42507577,0.045773383,0.52915084
2017-10-04,0.3740672,0.06592162,0.5600112
2017-10-05,0.3790583,0.07030615,0.5506355
2017-10-06,0.3806077,0.052707475,0.56668484
2017-10-09,0.36985984,0.055330694,0.5748095
2017-10-10,0.38242885,0.057353403,0.5602177
2017-10-11,0.36947897,0.056754205,0.57376677
2017-10-12,0.36312488,0.047894567,0.58898056
2017-10-13,0.3818028,0.062070996,0.5561262
2017-10-16,0.4063715,0.0139243305,0.57970417
2017-10-17,0.37144116,0.058488894,0.57006997
2017-10-18,0.3931621,0.05612326,0.5507146
2017-10-19,0.3772234,0.06463568,0.55814093
2017-10-20,0.39183375,0.06871034,0.5394559
2017-10-23,0.45026875,0.025201423,0.5245298
2017-10-24,0.42678538,0.041129757,0.5320849
2017-10-25,0.3918492,0.085599355,0.5225515
2017-10-26,0.41301122,0.060261235,0.5267275
2017-10-27,0.38000444,0.07512861,0.5448669
2017-10-30,0.3857554,0.08316957,0.53107506
2017-10-31,0.4322348,0.04277048,0.5249948
2017-11-01,0.38079482,0.07526335,0.5439418
2017-11-02,0.3980339,0.06072472,0.5412414
2017-11-03,0.4118351,0.049082395,0.5390825
2017-11-06,0.37262303,0.07190538,0.55547154
2017-11-07,0.38067728,0.050204158,0.56911856
2017-11-08,0.40320954,0.024610097,0.57218033
2017-11-09,0.37161943,0.06819134,0.56018925
2017-11-10,0.3887528,0.019683015,0.5915642
2017-11-13,0.37822747,0.03529469,0.5864778
2017-11-14,0.3643231,0.05964722,0.57602966
2017-11-15,0.37980047,0.044859458,0.5753401
2017-11-16,0.3863218,0.03017825,0.58349997
2017-11-17,0.37216547,0.048554596,0.57928
2017-11-20,0.3611669,0.051730555,0.58710265
2017-11-21,0.3617662,0.056718476,0.5815153
2017-11-22,0.36733225,0.06307071,0.5695971
2017-11-24,0.36504346,0.058926806,0.5760297
2017-11-27,0.36614448,0.05988092,0.5739746
2017-11-28,0.3629655,0.059090633,0.57794386
2017-11-29,0.3556318,0.05019389,0.5941743
2017-11-30,0.36374897,0.05721081,0.5790402
2017-12-01,0.36970997,0.06535827,0.5649318
2017-12-04,0.36303097,0.05219165,0.58477736
2017-12-05,0.39179575,0.03407049,0.57413375
2017-12-06,0.3787853,0.07612286,0.54509175
2017-12-07,0.39320424,0.056493126,0.55030257
2017-12-08,0.4112433,0.044673644,0.54408306
2017-12-11,0.3857959,0.080507964,0.5336961
2017-12-12,0.4267486,0.02045947,0.5527919
2017-12-13,0.41038242,0.053680368,0.5359372
2017-12-14,0.38712102,0.08310727,0.52977175
2017-12-15,0.3809756,0.07578828,0.54323614
2017-12-18,0.3846158,0.07836626,0.53701794
2017-12-19,0.38542503,0.08012832,0.53444666
2017-12-20,0.37961358,0.077104,0.54328245
2017-12-21,0.41566256,0.027107425,0.55723006
2017-12-22,0.4057113,0.06308214,0.5312065
2017-12-26,0.38425606,0.06796217,0.54778177
2017-12-27,0.43149894,0.025232175,0.5432688
2017-12-28,0.40622696,0.060112465,0.53366053
2017-12-29,0.408152,0.06724022,0.52460784
2018-01-02,0.43707117,0.027779242,0.5351497
2018-01-03,0.38276213,0.083854675,0.5333832
2018-01-04,0.3870211,0.08693209,0.5260468
2018-01-05,0.3827803,0.078921854,0.53829783
2018-01-08,0.39090085,0.086485185,0.52261394
2018-01-09,0.39541003,0.06556649,0.5390234
2018-01-10,0.3815335,0.0733475,0.545119
2018-01-11,0.38273275,0.07950339,0.53776383
2018-01-12,0.38800842,0.06776236,0.54422915
2018-01-16,0.37265357,0.072635084,0.55471134
2018-01-17,0.37504435,0.0745029,0.5504527
2018-01-18,0.37982473,0.046817236,0.573358
2018-01-19,0.3710558,0.07134045,0.5576037
2018-01-22,0.36878383,0.06748544,0.56373066
2018-01-23,0.35070804,0.043491956,0.6058
2018-01-24,0.35991144,0.054972883,0.5851157
2018-01-25,0.36309093,0.059235763,0.57767326
2018-01-26,0.36637607,0.029187499,0.6044364
2018-01-29,0.35678607,0.054408938,0.58880496
2018-01-30,0.35989195,0.050455894,0.5896521
2018-01-31,0.358904,0.045358833,0.59573716
2018-02-01,0.3648648,0.057552516,0.5775827
2018-02-02,0.36446533,0.058860168,0.5766746
2018-02-05,0.361687,0.046676632,0.59163636
2018-02-06,0.38391644,0.078714356,0.5373692
2018-02-07,0.38780552,0.090696074,0.52149844
2018-02-08,0.38840774,0.09088818,0.52070403
2018-02-09,0.3886807,0.091761045,0.51955825
2018-02-12,0.3884265,0.09224548,0.519328
2018-02-13,0.3883207,0.09216964,0.5195096
2018-02-14,0.38871226,0.09209723,0.51919043
2018-02-15,0.3907349,0.08962024,0.51964486
2018-02-16,0.39037222,0.08995979,0.519668
2018-02-20,0.38876534,0.09307201,0.5181626
2018-02-21,0.39097577,0.09058172,0.5184425
2018-02-22,0.46861023,0.00041332268,0.53097636
2018-02-23,0.46934265,0.0010953505,0.529562
2018-02-26,0.39039958,0.090432905,0.51916754
2018-02-27,0.46505845,0.0068364358,0.5281051
2018-02-28,0.4074301,1.4485128e-06,0.5925684
2018-03-01,0.4158409,0.00048770194,0.5836714
2018-03-02,0.26793602,7.5003404e-06,0.73205656
2018-03-05,0.24674451,7.5862904e-06,0.75324786
2018-03-06,0.38553786,0.003329645,0.6111325
2018-03-07,0.16566315,3.890209e-08,0.83433676
2018-03-08,0.12163593,2.0477341e-07,0.8783639
2018-03-09,0.357607,0.04051799,0.601875
2018-03-12,0.29888225,0.0010285998,0.7000892
2018-03-13,0.20526183,0.0007065985,0.7940316
2018-03-14,0.36365822,0.06985074,0.566491
2018-03-15,0.38444605,0.08021583,0.5353381
2018-03-16,0.19737466,2.929493e-07,0.802625
2018-03-19,0.2486073,0.011149269,0.7402435
2018-03-20,0.35922292,0.04452002,0.59625715
2018-03-21,0.37043124,0.03999376,0.58957493
2018-03-22,0.3871142,0.010923479,0.60196227
2018-03-23,0.38953155,0.088267036,0.52220136
2018-03-26,0.38096392,0.0741772,0.5448589
2018-03-27,0.38720903,0.088835165,0.5239558
2018-03-28,0.34873945,0.0614416,0.58981895
2018-03-29,0.22715719,0.0015204715,0.77132237
2018-04-02,0.38627246,0.09299725,0.52073026
2018-04-03,0.38531682,0.08691358,0.5277696
2018-04-04,0.36852297,0.04591103,0.5855659
2018-04-05,0.38771427,0.090476,0.52180964
2018-04-06,0.38589317,0.087115325,0.5269915
2018-04-09,0.34997258,0.019793268,0.6302341
2018-04-10,0.3886986,0.09031982,0.5209816
2018-04-11,0.36511225,0.00076627446,0.6341214
2018-04-12,0.32005864,0.0033953895,0.676546
2018-04-13,0.3884131,0.09031876,0.5212682
2018-04-16,0.39220506,0.00011265465,0.6076823
2018-04-17,0.40291056,0.002193479,0.59489596
2018-04-18,0.45429575,0.017651098,0.5280531
2018-04-19,0.31042302,8.682118e-10,0.689577
2018-04-20,0.33443755,1.3364061e-05,0.66554916
2018-04-23,0.32689065,0.005331546,0.6677778
2018-04-24,0.33930117,4.5646544e-08,0.66069883
2018-04-25,0.4200363,0.009578809,0.5703849
2018-04-26,0.32567465,0.004067557,0.6702578
2018-04-27,0.3884881,0.0018486057,0.60966337
2018-04-30,0.38570228,0.08244198,0.53185576
2018-05-01,0.3581429,0.055785596,0.5860715
2018-05-02,0.4442321,0.0014582282,0.5543096
2018-05-03,0.44299716,0.0052784663,0.55172443
2018-05-04,0.36159262,0.057130378,0.581277
2018-05-07,0.4003073,0.034987986,0.5647047
2018-05-08,0.36779192,0.06797909,0.564229
2018-05-09,0.35250372,0.046330936,0.6011654
2018-05-10,0.3943761,0.052822955,0.552801
2018-05-11,0.41592726,0.019119557,0.5649532
2018-05-14,0.3641881,0.063608535,0.5722034
2018-05-15,0.37697604,0.07306939,0.54995453
2018-05-16,0.38288918,0.024839574,0.59227127
2018-05-17,0.3439168,0.038183894,0.6178993
2018-05-18,0.37151152,0.0073079015,0.62118053
2018-05-21,0.3404896,0.025677126,0.6338332
2018-05-22,0.34647775,0.046950527,0.6065717
2018-05-23,0.39115158,0.01934071,0.58950776
2018-05-24,0.32380518,0.021899024,0.65429574
2018-05-25,0.3575723,0.039415102,0.6030127
2018-05-29,0.38264441,0.03006415,0.5872915
2018-05-30,0.35728475,0.04706862,0.5956467
2018-05-31,0.35450852,0.04885097,0.5966405
2018-06-01,0.3742619,0.031582072,0.5941561
2018-06-04,0.35514015,0.051884204,0.59297574
2018-06-05,0.39357725,0.032393496,0.57402927
2018-06-06,0.40079284,0.019563379,0.5796438
2018-06-07,0.39380002,0.050626706,0.5555732
2018-06-08,0.4302898,0.007959725,0.5617505
2018-06-11,0.38268596,0.03912877,0.57818526
2018-06-12,0.3875485,0.025275929,0.58717555
2018-06-13,0.38937074,0.012730314,0.597899
2018-06-14,0.4114076,0.019448439,0.56914395
2018-06-15,0.4466326,0.00934932,0.54401803
2018-06-18,0.37077114,0.06703549,0.56219333
2018-06-19,0.3719247,0.064718395,0.56335694
2018-06-20,0.44294485,0.015670598,0.5413845
2018-06-21,0.43236113,0.01718166,0.5504571
2018-06-22,0.4004858,0.039171875,0.5603424
2018-06-25,0.41235855,0.043941736,0.5436997
2018-06-26,0.3755406,0.074117415,0.55034196
2018-06-27,0.3745694,0.07287541,0.55255526
2018-06-28,0.3748278,0.073355734,0.5518164
2018-06-29,0.3706911,0.0692375,0.56007147
2018-07-02,0.3710295,0.07110859,0.5578619
2018-07-03,0.37147954,0.07015548,0.5583649
2018-07-05,0.36953786,0.062132634,0.5683296
2018-07-06,0.36972672,0.060189106,0.57008415
2018-07-09,0.43999875,0.01008275,0.5499185
2018-07-10,0.37069535,0.07010647,0.5591981
2018-07-11,0.37754992,0.041726366,0.58072376
2018-07-12,0.38337815,0.0443123,0.57230955
2018-07-13,0.40598416,0.033222936,0.560793
2018-07-16,0.38491046,0.025130345,0.58995914
2018-07-17,0.41620067,0.013158574,0.5706408
2018-07-18,0.41167372,0.03314902,0.55517733
2018-07-19,0.43713817,0.0044211647,0.5584406
2018-07-20,0.44262084,0.00031293926,0.5570662
2018-07-23,0.39692023,0.051301185,0.55177855
2018-07-24,0.4366208,0.0057163867,0.5576628
2018-07-25,0.3773108,0.07586987,0.54681927
2018-07-26,0.4201691,0.027782135,0.5520488
2018-07-27,0.42676592,0.01134535,0.56188875
2018-07-30,0.42985064,0.024000537,0.5461488
2018-07-31,0.37673575,0.07580747,0.5474568
2018-08-01,0.38308486,0.06592507,0.55099
2018-08-02,0.37640485,0.07474211,0.54885304
2018-08-03,0.37916285,0.07529234,0.5455448
2018-08-06,0.3760915,0.067367405,0.5565411
2018-08-07,0.35206273,0.021947103,0.6259902
2018-08-08,0.32604903,0.008062583,0.66588837
2018-08-09,0.27957943,0.00095433067,0.71946627
2018-08-10,0.31353116,0.0053039985,0.6811648
2018-08-13,0.32221985,0.008524898,0.66925526
2018-08-14,0.2777422,0.0014287307,0.72082907
2018-08-15,0.30875254,0.0050292914,0.68621814
2018-08-16,0.35374826,0.026717002,0.61953473
2018-08-17,0.29238594,0.0029461686,0.70466787
2018-08-20,0.29761901,0.0034280245,0.698953
2018-08-21,0.32232332,0.007874741,0.66980195
2018-08-22,0.33347315,0.012767262,0.65375954
2018-08-23,0.29276264,0.0028395283,0.7043978
2018-08-24,0.32478425,0.009374874,0.66584086
2018-08-27,0.36057904,0.040380105,0.59904087
2018-08-28,0.38372782,0.030342903,0.5859293
2018-08-29,0.43724543,0.01671742,0.54603714
2018-08-30,0.38167027,0.077060334,0.54126936
2018-08-31,0.43104294,0.021501908,0.54745513
2018-09-04,0.39394984,0.067954436,0.53809565
2018-09-05,0.38604927,0.079786494,0.53416425
2018-09-06,0.43846697,0.013521197,0.54801184
2018-09-07,0.44113538,0.004627605,0.554237
2018-09-10,0.40088394,0.05191827,0.54719776
2018-09-11,0.33288497,0.004826086,0.66228896
2018-09-12,0.3602196,0.027078453,0.6127019
2018-09-13,0.38358143,0.0785316,0.537887
2018-09-14,0.37457094,0.071752414,0.5536766
2018-09-17,0.37674782,0.07376655,0.5494856
2018-09-18,0.38462785,0.07882533,0.5365468
2018-09-19,0.3818006,0.0757381,0.5424613
2018-09-20,0.29500186,0.0026223597,0.70237577
2018-09-21,0.35006598,0.022118868,0.6278151
2018-09-24,0.3853571,0.028267654,0.58637524
2018-09-25,0.24088094,0.00036015103,0.7587589
2018-09-26,0.39946976,0.043982312,0.55654794
2018-09-27,0.32142523,0.0064958474,0.6720789
2018-09-28,0.32267857,0.008674857,0.6686465
2018-10-01,0.3959266,0.01589179,0.58818156
2018-10-02,0.35016552,0.0070381477,0.64279634
2018-10-03,0.31658405,0.0028226853,0.68059325
2018-10-04,0.39655775,0.023554834,0.5798874
2018-10-05,0.2968951,0.003496564,0.6996084
2018-10-08,0.34457046,0.025561836,0.6298677
2018-10-09,0.37696907,0.07554152,0.54748946
2018-10-10,0.30498892,0.0073589813,0.6876522
2018-10-11,0.36899394,0.06724521,0.56376094
2018-10-12,0.37125665,0.036386374,0.592357
2018-10-15,0.38043115,0.07945997,0.5401089
2018-10-16,0.38901058,0.08992664,0.5210628
2018-10-17,0.38898993,0.09031259,0.5206975
2018-10-18,0.38877422,0.09029661,0.52092916
2018-10-19,0.38874534,0.09013739,0.52111727
2018-10-22,0.38876206,0.089673206,0.5215647
2018-10-23,0.39002907,0.08880034,0.5211706
2018-10-24,0.3890435,0.090624474,0.52033204
2018-10-25,0.38907328,0.09038119,0.5205455
2018-10-26,0.38746545,0.08670367,0.52583086
2018-10-29,0.37136394,0.054254774,0.5743813
2018-10-30,0.38876024,0.088951774,0.52228796
2018-10-31,0.38917494,0.089098714,0.52172637
2018-11-01,0.32874325,0.034544963,0.6367118
2018-11-02,0.38049406,0.05898806,0.5605179
2018-11-05,0.36074847,0.00034730422,0.6389042
2018-11-06,0.3351703,0.0009683881,0.6638614
2018-11-07,0.36537287,0.055289365,0.5793378
2018-11-08,0.29985872,0.013708484,0.6864328
2018-11-09,0.29400483,0.00013952982,0.70585567
2018-11-12,0.39470547,0.0025632693,0.6027313
2018-11-13,0.35694465,0.028440889,0.6146145
2018-11-14,0.30085754,0.0021189076,0.6970236
2018-11-15,0.35682622,0.0058768475,0.63729703
2018-11-16,0.38956356,0.088025525,0.5224109
2018-11-19,0.33603713,0.00022365591,0.6637392
2018-11-20,0.33926582,0.0012335989,0.6595006
2018-11-21,0.3703688,0.055399265,0.574232
2018-11-23,0.3660238,0.002726493,0.6312497
2018-11-26,0.35836837,0.0509564,0.5906752
2018-11-27,0.3558076,0.050354835,0.59383756
2018-11-28,0.36502492,0.06323988,0.57173514
2018-11-29,0.3809419,0.08188685,0.5371713
2018-11-30,0.35936892,0.054506667,0.5861244
2018-12-03,0.31450757,0.023292648,0.6621998
2018-12-04,0.38879955,0.08916809,0.5220324
2018-12-06,0.38726518,0.09039928,0.5223355
2018-12-07,0.389325,0.08855596,0.5221191
2018-12-10,0.3916158,0.08621671,0.52216756
2018-12-11,0.38870382,0.08801315,0.5232831
2018-12-12,0.3857553,0.08587989,0.5283648
2018-12-13,0.3884134,0.08922733,0.5223593
2018-12-14,0.3715932,0.06802106,0.56038576
2018-12-17,0.41152167,0.01301111,0.57546717
2018-12-18,0.44782147,0.025877457,0.5263011
2018-12-19,0.37901166,0.074003816,0.54698455
2018-12-20,0.3710331,0.06254162,0.56642526
2018-12-21,0.36857918,0.06727843,0.5641424
2018-12-24,0.37204987,0.07000777,0.55794233
2018-12-26,0.3428029,0.042760078,0.614437
2018-12-27,0.33825746,0.035336748,0.6264058
2018-12-28,0.3614132,0.052863386,0.58572334
2018-12-31,0.36267298,0.059514146,0.57781285
2019-01-02,0.35437223,0.04789317,0.59773463
2019-01-03,0.38415083,0.080707684,0.5351415
2019-01-04,0.4023347,0.069751486,0.52791375
2019-01-07,0.42854014,0.010520292,0.5609396
2019-01-08,0.4360774,0.009791468,0.5541312
2019-01-09,0.36349416,0.05369031,0.58281547
2019-01-10,0.4299811,0.000358687,0.5696601
2019-01-11,0.45059574,1.909638e-05,0.54938525
2019-01-14,0.41367155,0.00015321985,0.58617526
2019-01-15,0.4169801,0.002041702,0.58097816
2019-01-16,0.44278792,4.240454e-05,0.55716974
2019-01-17,0.42432234,0.00035378357,0.5753238
2019-01-18,0.43131682,2.1441332e-05,0.5686617
2019-01-22,0.43440774,5.9041377e-05,0.5655333
2019-01-23,0.40187794,0.00019776178,0.59792435
2019-01-24,0.36727032,0.045544,0.58718574
2019-01-25,0.37481165,0.03981352,0.5853749
2019-01-28,0.35734704,0.040053595,0.6025993
2019-01-29,0.36102912,0.062291026,0.5766798
2019-01-30,0.41340593,0.023447989,0.5631461
2019-01-31,0.3684127,0.066873595,0.5647137
2019-02-01,0.37135857,0.068319954,0.5603215
2019-02-04,0.36541033,0.06081655,0.57377315
2019-02-05,0.41296297,0.031295832,0.55574113
2019-02-06,0.36742476,0.06751442,0.5650608
2019-02-07,0.36909235,0.037179496,0.5937281
2019-02-08,0.38155127,0.05662489,0.56182384
2019-02-11,0.37109628,0.06790999,0.56099373
2019-02-12,0.35901853,0.059817553,0.581164
2019-02-13,0.37541315,0.06617845,0.5584084
2019-02-14,0.42492667,0.019933367,0.55513996
2019-02-15,0.37332532,0.06875649,0.55791825
2019-02-19,0.37478158,0.07058669,0.55463177
2019-02-20,0.359843,0.06319689,0.57696015
2019-02-21,0.38425782,0.07575842,0.53998375
2019-02-22,0.44589886,0.0064575463,0.5476436
2019-02-25,0.43641835,0.022696454,0.5408852
2019-02-26,0.3794313,0.07768737,0.54288125
2019-02-27,0.44877443,0.0007741408,0.55045134
2019-02-28,0.3769277,0.07812093,0.5449514
2019-03-01,0.43069974,0.009264038,0.56003624
2019-03-04,0.44461465,0.0023650972,0.5530203
2019-03-05,0.39400655,0.044166856,0.5618266
2019-03-06,0.42938828,0.0014898335,0.5691219
2019-03-07,0.40613133,0.036796063,0.5570726
2019-03-08,0.4235795,0.0052863155,0.5711342
2019-03-11,0.421859,0.00051984267,0.5776212
2019-03-12,0.4270111,0.0062301615,0.56675875
2019-03-13,0.3653297,0.065429464,0.56924087
2019-03-14,0.4091801,0.011911733,0.57890815
2019-03-15,0.36674032,0.066324174,0.56693554
2019-03-18,0.36988175,0.06889627,0.56122196
2019-03-19,0.36778095,0.067414016,0.564805
2019-03-20,0.3727518,0.07143396,0.55581427
2019-03-21,0.400908,0.043981638,0.55511034
2019-03-22,0.37868983,0.06696895,0.5543412
2019-03-25,0.3740867,0.07305047,0.55286276
2019-03-26,0.3723621,0.071150534,0.5564873
2019-03-27,0.39532936,0.036118574,0.5685521
2019-03-28,0.3728534,0.07209433,0.5550523
2019-03-29,0.38742912,0.044864185,0.5677067
2019-04-01,0.39926606,0.032337777,0.5683961
2019-04-02,0.38400137,0.05743235,0.5585662
2019-04-03,0.37357008,0.07242901,0.5540009
2019-04-04,0.42178932,0.016367925,0.5618427
2019-04-05,0.3883229,0.055868756,0.5558083
2019-04-08,0.38129625,0.057573833,0.5611299
2019-04-09,0.38822958,0.05477854,0.55699193
2019-04-10,0.3763045,0.074279696,0.54941577
2019-04-11,0.38249978,0.05959055,0.55790967
2019-04-12,0.37390232,0.07194019,0.5541575
2019-04-15,0.41925254,0.011461471,0.569286
2019-04-16,0.38832158,0.040030655,0.5716478
2019-04-17,0.41371945,0.0055084857,0.5807721
2019-04-18,0.40072662,0.036202118,0.5630713
2019-04-22,0.396758,0.052211985,0.55103004
2019-04-23,0.4099157,0.032073885,0.5580104
2019-04-24,0.40429285,0.043005105,0.552702
2019-04-25,0.38297838,0.07583078,0.54119086
2019-04-26,0.38494703,0.069268994,0.545784
2019-04-29,0.40771842,0.025456658,0.56682485
2019-04-30,0.38224345,0.07404267,0.54371387
2019-05-01,0.38302842,0.07485096,0.5421206
2019-05-02,0.3833807,0.07463801,0.54198134
2019-05-03,0.39945984,0.043521952,0.5570183
2019-05-06,0.38550457,0.084179156,0.5303163
2019-05-07,0.38794214,0.08710228,0.5249556
2019-05-08,0.38766438,0.08604929,0.5262863
2019-05-09,0.38391194,0.0827279,0.5333602
2019-05-10,0.38333145,0.08164575,0.53502274
2019-05-13,0.38387856,0.08266645,0.53345495
2019-05-14,0.3812347,0.08254692,0.5362184
2019-05-15,0.37658995,0.0771383,0.54627174
2019-05-16,0.37366283,0.06956885,0.55676836
2019-05-17,0.37563604,0.073797956,0.55056596
2019-05-20,0.40062922,0.024741951,0.57462883
2019-05-21,0.37521118,0.075904265,0.5488846
2019-05-22,0.37177986,0.073031574,0.5551886
2019-05-23,0.44271812,0.011494038,0.5457878
2019-05-24,0.4448628,0.0104939435,0.5446432
2019-05-28,0.3747699,0.07464705,0.55058306
2019-05-29,0.3783241,0.053384103,0.56829184
2019-05-30,0.3755496,0.05349838,0.57095206
2019-05-31,0.4422357,0.0005957765,0.5571685
2019-06-03,0.4486416,0.0070133093,0.5443451
2019-06-04,0.37777695,0.0686168,0.5536063
2019-06-05,0.4493857,0.013658372,0.53695595
2019-06-06,0.44622087,0.0038266575,0.5499525
2019-06-07,0.43764555,0.012707761,0.5496466
2019-06-10,0.38898945,0.08519062,0.5258199
2019-06-11,0.37942404,0.07709782,0.54347813
2019-06-12,0.38485217,0.07728995,0.53785783
2019-06-13,0.396851,0.07464973,0.5284992
2019-06-14,0.38465366,0.077568695,0.5377776
2019-06-17,0.385291,0.08153005,0.533179
2019-06-18,0.41572866,0.056350693,0.5279206
2019-06-19,0.4241858,0.01923597,0.5565782
2019-06-20,0.394081,0.07655669,0.52936226
2019-06-21,0.41378012,0.036706496,0.5495134
2019-06-24,0.43430766,0.02706803,0.5386243
2019-06-25,0.43529555,0.042757563,0.52194697
2019-06-26,0.38907245,0.08861458,0.522313
2019-06-27,0.44959942,0.023413915,0.5269867
2019-06-28,0.39200258,0.0785213,0.52947605
2019-07-01,0.37841246,0.08493151,0.53665596
2019-07-02,0.3625463,0.07242614,0.56502753
2019-07-03,0.35127205,0.06394065,0.58478725
2019-07-05,0.3670536,0.057393357,0.575553
2019-07-08,0.33327067,0.04680686,0.6199224
2019-07-09,0.34622288,0.04919408,0.604583
2019-07-10,0.3658077,0.060074173,0.5741181
2019-07-11,0.34317148,0.012412332,0.6444162
2019-07-12,0.32183877,0.018374857,0.6597864
2019-07-15,0.39336425,0.016328923,0.5903068
2019-07-16,0.35076252,0.0481867,0.60105073
2019-07-17,0.32332513,0.011006854,0.665668
2019-07-18,0.37366956,0.010991438,0.61533904
2019-07-19,0.35300377,0.031297773,0.61569846
2019-07-22,0.36516738,0.009900882,0.6249317
2019-07-23,0.3784783,0.04995213,0.5715696
2019-07-24,0.39251092,0.02545431,0.5820348
2019-07-25,0.38505408,0.052747045,0.5621988
2019-07-26,0.38577816,0.08460604,0.5296158
2019-07-29,0.39164978,0.076468036,0.5318822
2019-07-30,0.38641354,0.08535284,0.5282336
2019-07-31,0.38632336,0.08645759,0.52721906
2019-08-01,0.4091406,0.05761352,0.5332459
2019-08-02,0.33939037,0.055103883,0.60550576
2019-08-05,0.37424308,0.0798095,0.54594743
2019-08-06,0.38658744,0.08549949,0.52791303
2019-08-07,0.38755834,0.08796201,0.5244797
2019-08-08,0.38639876,0.084439784,0.52916145
2019-08-09,0.38726696,0.08631736,0.52641565
2019-08-12,0.38900167,0.08890292,0.52209544
2019-08-13,0.37549573,0.083655626,0.5408487
2019-08-14,0.37115562,0.081744455,0.5470999
2019-08-15,0.3765069,0.081719965,0.5417732
2019-08-16,0.3627932,0.07291574,0.564291
2019-08-19,0.38814002,0.08926815,0.5225919
2019-08-20,0.34939116,0.04241956,0.6081893
2019-08-21,0.33082646,0.03272994,0.6364436
2019-08-22,0.37753162,0.007796168,0.61467224
2019-08-23,0.35647124,0.044814505,0.59871423
2019-08-26,0.36556643,0.015252915,0.6191806
2019-08-27,0.3921612,0.0011121709,0.60672665
2019-08-28,0.38457444,0.0017166622,0.6137089
2019-08-29,0.37984884,0.004269688,0.61588144
2019-08-30,0.37248448,0.029905645,0.5976099
2019-09-03,0.32516447,0.0073352214,0.6675003
2019-09-04,0.34540087,0.008385268,0.6462138
2019-09-05,0.32822135,0.012303716,0.6594749
2019-09-06,0.35018447,0.018583374,0.63123226
2019-09-09,0.38156247,0.051383585,0.5670539
2019-09-10,0.37364286,0.05615717,0.57019997
2019-09-11,0.44636932,0.0056060166,0.5480247
2019-09-12,0.3859142,0.08056289,0.53352296
2019-09-13,0.4091545,0.014386547,0.576459
2019-09-16,0.4361657,0.014410063,0.5494243
2019-09-17,0.41980946,0.046452433,0.5337382
2019-09-18,0.38211688,0.08456332,0.53331983
2019-09-19,0.45419574,0.00051354285,0.54529077
2019-09-20,0.42648694,0.012123193,0.5613898
2019-09-23,0.3879479,0.08834093,0.52371114
2019-09-24,0.46029896,0.0069244783,0.5327766
2019-09-25,0.39215124,0.05852933,0.54931945
2019-09-26,0.4147556,0.023098052,0.56214637
2019-09-27,0.38759083,0.089902565,0.5225066
2019-09-30,0.38881096,0.08839859,0.5227905
2019-10-01,0.3828566,0.08056497,0.5365784
2019-10-02,0.37758672,0.07265109,0.5497621
2019-10-03,0.3747278,0.07009047,0.5551817
2019-10-04,0.3733434,0.06579472,0.5608619
2019-10-07,0.37118846,0.066717185,0.5620944
2019-10-08,0.36035296,0.050473433,0.58917356
2019-10-09,0.37073943,0.06830593,0.5609546
2019-10-10,0.37177813,0.07367691,0.55454504
2019-10-11,0.40302908,0.0101806065,0.5867903
2019-10-14,0.3709703,0.06977546,0.55925417
2019-10-15,0.4146961,0.005275575,0.58002836
2019-10-16,0.4057831,0.00244671,0.59177023
2019-10-17,0.35860482,0.048661027,0.5927342
2019-10-18,0.38368547,0.00016931095,0.61614525
2019-10-21,0.3947925,0.0058370004,0.5993705
2019-10-22,0.36789262,0.06652661,0.5655808
2019-10-23,0.40699413,0.0021271433,0.5908788
2019-10-24,0.4261816,0.00015851602,0.5736599
2019-10-25,0.43346843,0.01008865,0.556443
2019-10-28,0.4425405,0.00045018786,0.5570093
2019-10-29,0.43585297,0.0069332863,0.55721366
2019-10-30,0.42674205,0.007974481,0.5652835
2019-10-31,0.43427125,0.0043398687,0.5613889
2019-11-01,0.43627706,0.0053316527,0.5583913
2019-11-04,0.39060116,0.055907488,0.5534913
2019-11-05,0.41103652,0.036678825,0.55228466
2019-11-06,0.42320985,0.024475748,0.55231446
2019-11-07,0.39738056,0.058274712,0.54434466
2019-11-08,0.38006398,0.07466608,0.5452699
2019-11-11,0.38540086,0.07205991,0.54253924
2019-11-12,0.4340099,0.03251542,0.5334747
2019-11-13,0.38506472,0.08124362,0.53369164
2019-11-14,0.38656002,0.075084075,0.5383559
2019-11-15,0.38351858,0.07669287,0.53978854
2019-11-18,0.37773287,0.075227454,0.5470396
2019-11-19,0.377314,0.07419383,0.5484922
2019-11-20,0.37696666,0.074646994,0.54838634
2019-11-21,0.37677258,0.07454376,0.5486837
2019-11-22,0.37778413,0.07487223,0.5473436
2019-11-25,0.3764399,0.07467871,0.5488814
2019-11-26,0.37642023,0.07420988,0.54937
2019-11-27,0.42243966,0.020508297,0.557052
2019-11-29,0.3791188,0.07478815,0.54609305
2019-12-02,0.38006693,0.072539,0.54739404
2019-12-03,0.38456717,0.061633382,0.5537994
2019-12-04,0.3758669,0.07278226,0.55135095
2019-12-05,0.3937146,0.056248557,0.5500368
2019-12-06,0.39361247,0.04523163,0.561156
2019-12-09,0.37951022,0.06205267,0.55843705
2019-12-10,0.3742262,0.071655735,0.55411804
2019-12-11,0.3962526,0.032505646,0.5712418
2019-12-12,0.37911114,0.06522151,0.55566734
2019-12-13,0.39410573,0.04247094,0.56342334
2019-12-16,0.3739662,0.06939161,0.5566422
2019-12-17,0.37315798,0.07013263,0.5567094
2019-12-18,0.37314123,0.070689306,0.55616945
2019-12-19,0.42000866,0.0066904584,0.57330096
2019-12-20,0.41566887,0.011182681,0.5731484
2019-12-23,0.37270102,0.06987271,0.5574263
2019-12-24,0.4042561,0.031269886,0.564474
2019-12-26,0.40408626,0.040024966,0.55588883
2019-12-27,0.4464481,0.010543528,0.54300845
2019-12-30,0.43258414,0.02689314,0.54052275
2019-12-31,0.37957308,0.07832061,0.54210633
2020-01-02,0.4117776,0.0495732,0.5386492
2020-01-03,0.44875026,0.012449868,0.5387999
2020-01-06,0.44166705,0.030013725,0.5283192
2020-01-07,0.40790895,0.059716374,0.5323747
2020-01-08,0.38079673,0.07739945,0.54180384
2020-01-09,0.3788804,0.07591917,0.5452004
2020-01-10,0.37706774,0.07522728,0.547705
2020-01-13,0.3792258,0.07502031,0.5457539
2020-01-14,0.3774219,0.07603582,0.5465422
2020-01-15,0.37619555,0.07217064,0.5516338
2020-01-16,0.37616548,0.06933761,0.5544968
2020-01-17,0.37476665,0.07217957,0.5530537
2020-01-21,0.3751838,0.07039166,0.5544245
2020-01-22,0.3834105,0.051234253,0.5653552
2020-01-23,0.4214018,0.014193939,0.56440425
2020-01-24,0.38947433,0.054592937,0.55593276
2020-01-27,0.3977415,0.04181245,0.560446
2020-01-28,0.3777568,0.074966446,0.5472768
2020-01-29,0.3765846,0.07546416,0.5479512
2020-01-30,0.3749779,0.07447837,0.5505438
2020-01-31,0.37746593,0.075069785,0.5474642
2020-02-03,0.3726821,0.07145727,0.55586064
2020-02-04,0.37103686,0.07013199,0.55883116
2020-02-05,0.37105802,0.06629848,0.56264347
2020-02-06,0.3681474,0.06368727,0.5681653
2020-02-07,0.3667343,0.06517398,0.5680917
2020-02-10,0.36704883,0.06700858,0.5659426
2020-02-11,0.3622742,0.061671432,0.57605433
2020-02-12,0.37056598,0.06500849,0.56442547
2020-02-13,0.40501675,0.022095004,0.57288826
2020-02-14,0.3734902,0.053830083,0.5726797
2020-02-18,0.37817168,0.045761786,0.5760665
2020-02-19,0.42999876,0.0017985986,0.5682026
2020-02-20,0.42620888,0.0014684183,0.57232267
2020-02-21,0.41504523,0.017288055,0.56766665
2020-02-24,0.38634667,0.04730875,0.56634456
2020-02-25,0.3753277,0.07073002,0.55394226
2020-02-26,0.38787445,0.08457117,0.52755433
2020-02-27,0.3897037,0.08806794,0.5222284
2020-02-28,0.38707688,0.09077324,0.5221499
2020-03-02,0.38631395,0.09200344,0.5216827
2020-03-03,0.38668108,0.0917914,0.5215275
2020-03-04,0.38612568,0.09243732,0.52143705
2020-03-05,0.38649657,0.0921535,0.52134985
2020-03-06,0.3872578,0.09134395,0.52139825
2020-03-09,0.3852053,0.093583256,0.5212115
2020-03-10,0.38752225,0.091835536,0.5206422
2020-03-11,0.38961542,0.0883302,0.5220544
2020-03-12,0.38670853,0.06920413,0.5440873
2020-03-13,0.38843656,0.09273416,0.5188293
2020-03-16,0.38927007,0.09181734,0.5189126
2020-03-17,0.38389042,0.059512228,0.55659735
2020-03-18,0.38804302,0.08450246,0.52745456
2020-03-19,0.38675886,0.0716065,0.5416346
2020-03-20,0.36767066,0.047797322,0.5845321
2020-03-23,0.38428712,0.06329694,0.5524159
2020-03-24,0.37468502,0.03813248,0.58718246
2020-03-25,0.27850708,0.01703524,0.7044577
2020-03-26,0.3017821,0.034039743,0.66417813
2020-03-27,0.38288718,0.054931004,0.5621819
2020-03-30,0.3845998,0.0013608378,0.61403936
2020-03-31,0.3065828,0.0027848387,0.69063234
2020-04-01,0.3264324,0.04294006,0.6306275
2020-04-02,0.26827583,2.2635218e-09,0.73172414
2020-04-03,0.39135802,1.3958793e-07,0.60864186
2020-04-06,0.39905584,3.0811887e-05,0.60091335
2020-04-07,0.19803888,1.7538095e-16,0.8019611
2020-04-08,0.22186863,1.003363e-11,0.77813137
2020-04-09,0.25561568,1.06689484e-07,0.7443842
2020-04-13,0.2715373,8.963249e-13,0.7284627
2020-04-14,0.20319805,1.3454136e-09,0.7968019
2020-04-15,0.28772298,0.00021285692,0.7120641
2020-04-16,0.35611942,2.523893e-08,0.6438805
2020-04-17,0.42500576,7.101588e-06,0.5749871
2020-04-20,0.3751523,0.07948041,0.54536724
2020-04-21,0.46072102,1.912193e-05,0.53925985
2020-04-22,0.3933645,0.08735269,0.5192828
2020-04-23,0.3868539,0.092401594,0.5207445
2020-04-24,0.45037368,0.0011273937,0.5484989
2020-04-27,0.3800779,0.091589406,0.5283327
2020-04-28,0.38657212,0.06361997,0.5498079
2020-04-29,0.37949172,0.065005854,0.55550236
2020-04-30,0.39169794,0.08520984,0.52309227
2020-05-01,0.3842511,0.08277068,0.5329783
2020-05-04,0.38924113,0.069782965,0.5409759
2020-05-05,0.3760526,0.07942067,0.5445267
2020-05-06,0.38528675,0.08530552,0.52940774
2020-05-07,0.4246179,3.7081855e-07,0.5753817
2020-05-08,0.36151782,0.058837686,0.5796445
2020-05-11,0.3830696,0.055338133,0.5615923
2020-05-12,0.38203603,0.00454607,0.61341786
2020-05-13,0.3729382,0.00064948405,0.62641233
2020-05-14,0.38508782,0.06926089,0.5456513
2020-05-15,0.44866782,6.99469e-08,0.5513322
2020-05-18,0.33585018,0.04563637,0.6185135
2020-05-19,0.3920127,0.083220184,0.52476716
2020-05-20,0.4153122,2.0208107e-10,0.5846879
2020-05-21,0.34835836,0.070020854,0.5816208
2020-05-22,0.37556148,0.00016555417,0.62427294
2020-05-26,0.3961258,1.0226188e-08,0.60387427
2020-05-27,0.33086252,0.027800636,0.64133686
2020-05-28,0.2868303,0.00037201858,0.7127977
2020-05-29,0.32574746,1.6593822e-09,0.67425257
2020-06-01,0.35707474,1.8865093e-06,0.6429235
2020-06-02,0.3797654,4.465588e-06,0.62023014
2020-06-03,0.40729794,0.0014090496,0.59129304
2020-06-04,0.36650696,0.057545792,0.5759473
2020-06-05,0.43307513,0.010130241,0.55679464
2020-06-08,0.46595064,0.00015215321,0.5338972
2020-06-09,0.40227038,0.029981464,0.5677482
2020-06-10,0.39339393,0.07815866,0.5284474
2020-06-11,0.46115246,0.00010856547,0.538739
2020-06-12,0.4411969,0.009834796,0.54896826
2020-06-15,0.3773291,0.08060411,0.5420669
2020-06-16,0.36632994,0.063590474,0.5700796
2020-06-17,0.3700717,0.069792636,0.5601356
2020-06-18,0.3747578,0.07250392,0.55273825
2020-06-19,0.3654107,0.0641588,0.57043046
2020-06-22,0.36971048,0.070228435,0.56006104
2020-06-23,0.37378806,0.063287005,0.5629249
2020-06-24,0.36708158,0.05837148,0.57454693
2020-06-25,0.36164334,0.0646918,0.57366484
2020-06-26,0.3649348,0.059816357,0.57524884
2020-06-29,0.40156558,0.013613335,0.58482105
2020-06-30,0.37326878,0.06871526,0.558016
2020-07-01,0.3742875,0.039655756,0.58605677
2020-07-02,0.38324073,0.037142724,0.57961655
2020-07-06,0.4330326,3.7714904e-05,0.5669297
2020-07-07,0.42974657,8.380326e-05,0.5701696
2020-07-08,0.4379803,0.0007842939,0.5612355
2020-07-09,0.43543965,0.0020439823,0.5625164
2020-07-10,0.37923577,0.069940224,0.550824
2020-07-13,0.43364024,0.0010729078,0.5652868
2020-07-14,0.44735894,6.909534e-05,0.55257195
2020-07-15,0.42713085,0.010874115,0.56199497
2020-07-16,0.40054724,0.039339554,0.56011325
2020-07-17,0.4429604,0.0005075571,0.5565321
2020-07-20,0.3749314,0.07242886,0.5526398
2020-07-21,0.38651368,0.045153618,0.56833273
2020-07-22,0.43910417,0.0006190043,0.5602768
2020-07-23,0.42158294,0.020807497,0.55760956
2020-07-24,0.41197258,0.026320398,0.56170696
2020-07-27,0.37948233,0.07489067,0.54562706
2020-07-28,0.43762103,0.0053533344,0.5570257
2020-07-29,0.3753811,0.07144048,0.5531784
2020-07-30,0.43533564,0.012133174,0.5525312
2020-07-31,0.39024803,0.06366619,0.5460858
2020-08-03,0.37597615,0.071522675,0.55250114
2020-08-04,0.45393836,0.0006796259,0.545382
2020-08-05,0.37277222,0.07089886,0.55632895
2020-08-06,0.37631536,0.072416596,0.55126804
2020-08-07,0.42720145,0.02284732,0.5499512
2020-08-10,0.37979153,0.073604606,0.54660386
2020-08-11,0.3754234,0.07300546,0.55157113
2020-08-12,0.445562,0.0014858,0.55295223
2020-08-13,0.37193188,0.07256974,0.5554983
2020-08-14,0.40624738,0.043770645,0.5499819
2020-08-17,0.44403073,0.00089388207,0.5550754
2020-08-18,0.36934248,0.068910286,0.56174725
2020-08-19,0.40780073,0.033808254,0.558391
2020-08-20,0.40760538,0.029317707,0.5630769
2020-08-21,0.3741916,0.07315874,0.5526496
2020-08-24,0.4459283,0.00022493322,0.5538468
2020-08-25,0.44092044,0.0013078821,0.5577717
2020-08-26,0.38240433,0.08230192,0.53529376
2020-08-27,0.46183679,0.0044607967,0.53370243
2020-08-28,0.38687268,0.08701963,0.52610767
2020-08-31,0.4393033,0.038969554,0.5217271
2020-09-01,0.3936754,0.085053265,0.52127135
2020-09-02,0.3906497,0.08716084,0.52218944
2020-09-03,0.39233,0.087130375,0.5205396
2020-09-04,0.392812,0.08684646,0.52034146
2020-09-08,0.39301097,0.08676405,0.520225
2020-09-09,0.392955,0.08684921,0.5201957
2020-09-10,0.39221027,0.087589316,0.52020043
2020-09-11,0.3936141,0.08662607,0.5197598
2020-09-14,0.39228895,0.087281734,0.5204293
2020-09-15,0.3899362,0.078490674,0.53157306
2020-09-16,0.3771003,0.05826339,0.5646363
2020-09-17,0.3503119,0.037209414,0.61247873
2020-09-18,0.3539087,0.03401217,0.61207914
2020-09-21,0.35293448,0.0378255,0.60923994
2020-09-22,0.31502354,0.018800775,0.66617566
2020-09-23,0.35304877,0.00029880973,0.6466524
2020-09-24,0.33973706,0.03869418,0.6215688
2020-09-25,0.30621156,0.021688722,0.6720997
2020-09-28,0.2949861,0.00044138916,0.7045725
2020-09-29,0.3284298,0.010906782,0.6606635
2020-09-30,0.37528807,0.004905959,0.619806
2020-10-01,0.2790399,0.0027229663,0.71823716
2020-10-02,0.29511505,0.014391534,0.69049346
2020-10-05,0.3270738,0.029042622,0.6438836
2020-10-06,0.33624184,0.006721009,0.6570372
2020-10-07,0.32342795,0.07284145,0.6037306
2020-10-08,0.32596645,0.082520455,0.5915131
2020-10-09,0.32324973,0.0443243,0.63242596
2020-10-12,0.36741245,0.07565379,0.55693376
2020-10-13,0.3932804,0.087446615,0.519273
2020-10-14,0.41136548,0.068740845,0.5198937
2020-10-15,0.45280337,0.019895473,0.52730113
2020-10-16,0.38326824,0.06716956,0.5495622
2020-10-19,0.3109751,0.016788417,0.67223644
2020-10-20,0.35723904,0.03791066,0.6048503
2020-10-21,0.38262594,0.091652825,0.52572125
2020-10-22,0.3634687,0.088059455,0.5484718
2020-10-23,0.3086636,0.07234055,0.61899585
2020-10-26,0.3642611,0.08998527,0.54575366
2020-10-27,0.39358696,0.0866603,0.51975274
2020-10-28,0.36055043,0.046534482,0.592915
2020-10-29,0.39034593,0.079886526,0.5297676
2020-10-30,0.3880304,0.0769748,0.5349948
2020-11-02,0.35127568,0.03673118,0.61199313
2020-11-03,0.31462207,0.07906841,0.60630953
2020-11-04,0.32315046,0.04997887,0.6268707
2020-11-05,0.34929952,0.037572354,0.6131281
2020-11-06,0.3086273,0.068870634,0.6225021
2020-11-09,0.34664205,0.0449199,0.6084381
2020-11-10,0.28848702,0.021097071,0.69041586
2020-11-11,0.43832597,0.0032929112,0.55838114
2020-11-12,0.30740157,0.0016418732,0.6909566
2020-11-13,0.3820751,2.420165e-05,0.61790067
2020-11-16,0.42806646,0.000101127924,0.5718324
2020-11-17,0.33894554,0.00040809266,0.6606463
2020-11-18,0.37381017,2.9613499e-05,0.6261602
2020-11-19,0.33341923,4.0087394e-07,0.6665803
2020-11-20,0.37237495,0.00015413399,0.62747085
2020-11-23,0.4456771,0.0003287591,0.5539941
2020-11-24,0.46084172,0.0001775842,0.53898066
2020-11-25,0.40838358,0.0021267305,0.5894897
2020-11-27,0.45031855,0.00021003974,0.54947144
2020-11-30,0.39913872,0.017380968,0.58348036
2020-12-01,0.38784552,0.08056681,0.5315877
2020-12-02,0.38982433,0.081693076,0.5284826
2020-12-03,0.3820657,0.06798998,0.54994434
2020-12-04,0.376606,0.06795614,0.55543786
2020-12-07,0.38389048,0.07823144,0.53787816
2020-12-08,0.38501534,0.07888756,0.53609705
2020-12-09,0.36186096,0.05890427,0.5792348
2020-12-10,0.36454794,0.056602504,0.5788495
2020-12-11,0.34031263,0.030497689,0.62918967
2020-12-14,0.33210006,0.021334004,0.6465659
2020-12-15,0.35751206,0.03443163,0.6080563
2020-12-16,0.36561382,0.034292698,0.6000935
2020-12-17,0.3545058,0.029167991,0.6163262
2020-12-18,0.3470499,0.02544486,0.62750524
2020-12-21,0.36107525,0.0494067,0.58951813
2020-12-22,0.33863506,0.021117423,0.6402476
2020-12-23,0.33296657,0.016370807,0.6506626
2020-12-24,0.3537896,0.041914165,0.6042962
2020-12-28,0.3659677,0.05754715,0.5764852
2020-12-29,0.33138114,0.020076755,0.6485421
2020-12-30,0.39421448,0.0019550293,0.60383046
2020-12-31,0.37536567,0.05696648,0.56766784
2021-01-04,0.4424103,0.00034597714,0.55724365
2021-01-05,0.45885703,0.0029931506,0.5381499
2021-01-06,0.38648552,0.08261911,0.53089535
2021-01-07,0.43191826,0.009652207,0.55842954
2021-01-08,0.43945944,0.013447454,0.5470931
2021-01-11,0.45298603,0.0011376734,0.54587626
2021-01-12,0.44865686,0.0010810789,0.5502621
2021-01-13,0.4416369,0.0059194863,0.5524436
2021-01-14,0.42989427,0.011846841,0.5582589
2021-01-15,0.39898145,0.00012849928,0.60089004
2021-01-19,0.36633742,0.055564124,0.5780985
2021-01-20,0.3861308,0.082085766,0.5317834
2021-01-21,0.38519847,0.080002524,0.534799
2021-01-22,0.3834352,0.076461025,0.54010385
2021-01-25,0.40404016,0.03567686,0.56028295
2021-01-26,0.3800503,0.052845962,0.5671037
2021-01-27,0.33175206,0.027705152,0.64054275
2021-01-28,0.3633718,0.064161375,0.5724668
2021-01-29,0.37580597,0.07666895,0.54752505
2021-02-01,0.34244323,0.06113714,0.5964196
2021-02-02,0.3755674,0.07834919,0.5460834
2021-02-03,0.36800566,0.07363805,0.5583562
2021-02-04,0.36755368,0.07190699,0.56053925
2021-02-05,0.37423214,0.07686848,0.54889935
2021-02-08,0.37098262,0.076033875,0.5529836
2021-02-09,0.36068648,0.06624538,0.57306814
2021-02-10,0.371625,0.06983159,0.5585434
2021-02-11,0.35514194,0.06371139,0.5811466
2021-02-12,0.4331577,0.0067409105,0.5601014
2021-02-16,0.4054991,0.00042750567,0.5940734
2021-02-17,0.3772999,0.04986078,0.57283926
2021-02-18,0.42353103,0.018830588,0.5576384
2021-02-19,0.35787436,0.00017250661,0.64195323
2021-02-22,0.38738665,0.006458621,0.60615474
2021-02-23,0.37394413,0.0001074607,0.62594837
2021-02-24,0.3768733,0.0005414783,0.6225852
2021-02-25,0.38370982,0.077529304,0.53876096
2021-02-26,0.34438145,5.2027957e-05,0.6555666
2021-03-01,0.311737,0.0034449655,0.68481797
2021-03-02,0.37508103,0.07615753,0.5487615
2021-03-03,0.3744474,0.067559175,0.5579935
2021-03-04,0.3466809,0.018551782,0.63476735
2021-03-05,0.37815732,0.07454912,0.54729354
2021-03-08,0.37857893,0.07369317,0.5477279
2021-03-09,0.32990307,0.009272893,0.66082406
2021-03-10,0.35958406,0.028084615,0.6123314
2021-03-11,0.37996945,0.06677889,0.5532516
2021-03-12,0.37661472,0.05492417,0.5684611
2021-03-15,0.4330371,0.003730981,0.5632319
2021-03-16,0.3743639,0.0689831,0.55665296
2021-03-17,0.3703749,0.07313504,0.55649006
2021-03-18,0.39961132,0.054668926,0.54571974
2021-03-19,0.43731526,0.009052297,0.55363244
2021-03-22,0.38800678,1.9998511e-07,0.611993
2021-03-23,0.3766012,0.07833558,0.5450632
2021-03-24,0.43535107,0.016315212,0.54833376
2021-03-25,0.38068107,0.0706978,0.5486211
2021-03-26,0.40824714,0.039425112,0.5523278
2021-03-29,0.43816674,0.0018142426,0.560019
2021-03-30,0.44546747,0.00015791305,0.5543746
2021-03-31,0.37382078,0.0721257,0.5540535
2021-04-01,0.39844897,9.5135954e-05,0.60145587
2021-04-05,0.40407404,0.0014885642,0.59443736
2021-04-06,0.36888567,0.077485986,0.5536284
2021-04-07,0.42494616,0.00022131957,0.5748326
2021-04-08,0.36900628,0.07840088,0.5525928
2021-04-09,0.37675324,0.07458068,0.54866606
2021-04-12,0.38153964,0.0020467588,0.6164136
2021-04-13,0.36346114,0.00021775556,0.63632107
2021-04-14,0.3676939,0.017953232,0.6143528
2021-04-15,0.37583625,0.014574952,0.6095888
2021-04-16,0.4075251,0.029326469,0.5631485
2021-04-19,0.3703797,0.06693452,0.56268585
2021-04-20,0.37923005,0.06346304,0.5573069
2021-04-21,0.36900407,0.07915546,0.5518405
2021-04-22,0.379425,0.07112416,0.5494509
2021-04-23,0.40480942,0.023887247,0.5713033
2021-04-26,0.3806798,0.06932687,0.54999334
2021-04-27,0.37577486,0.06830135,0.55592376
2021-04-28,0.3756211,0.0717389,0.55263996
2021-04-29,0.37749597,0.07238351,0.5501205
2021-04-30,0.37722594,0.074602574,0.54817146
2021-05-03,0.40551242,0.039584734,0.5549029
2021-05-04,0.37541124,0.0759009,0.5486879
2021-05-05,0.37589762,0.07216902,0.55193335
2021-05-06,0.37514046,0.0752314,0.54962814
2021-05-07,0.43638337,0.010963398,0.5526532
2021-05-10,0.40416294,0.043264993,0.5525721
2021-05-11,0.4388411,0.015048182,0.54611075
2021-05-12,0.37717253,0.07396821,0.54885924
2021-05-13,0.37776935,0.074581824,0.54764885
2021-05-14,0.37636518,0.07422038,0.54941446
2021-05-17,0.37768942,0.071027964,0.55128264
2021-05-18,0.3734474,0.060978778,0.5655738
2021-05-19,0.37059203,0.058153186,0.57125485
2021-05-20,0.37286955,0.058594793,0.5685357
2021-05-21,0.36545974,0.04547892,0.5890614
2021-05-24,0.37072855,0.012263816,0.61700755
2021-05-25,0.35958695,0.031574946,0.6088381
2021-05-26,0.36076465,0.035729725,0.6035057
2021-05-27,0.37916735,0.005608834,0.6152238
2021-05-28,0.37955916,0.00044762917,0.61999315
2021-06-01,0.39218086,0.0024695646,0.60534954
2021-06-02,0.37812933,0.027502807,0.5943679
2021-06-03,0.3769959,0.05880071,0.56420344
2021-06-04,0.43591952,0.00013080849,0.56394976
2021-06-07,0.43675774,0.00021280038,0.5630294
2021-06-08,0.43663597,0.015468299,0.5478957
2021-06-09,0.41442928,0.031713914,0.55385685
2021-06-10,0.42439234,0.023045732,0.55256194
2021-06-11,0.44558668,0.0015505154,0.5528628
2021-06-14,0.44581923,0.0026666666,0.551514
2021-06-15,0.37771407,0.073733024,0.548553
2021-06-16,0.37619624,0.074331924,0.5494718
2021-06-17,0.37776202,0.07320355,0.5490345
2021-06-18,0.37628967,0.073179126,0.5505312
2021-06-21,0.37485,0.0741314,0.55101854
2021-06-22,0.37868208,0.0684272,0.5528908
2021-06-23,0.3753389,0.07457585,0.5500852
2021-06-24,0.37123108,0.07684906,0.5519198
2021-06-25,0.37423953,0.07428858,0.5514719
2021-06-28,0.37678343,0.07318902,0.55002755
2021-06-29,0.37005356,0.075605124,0.55434126
2021-06-30,0.37471217,0.07373321,0.5515547
2021-07-01,0.44455835,0.0024799802,0.5529617
2021-07-02,0.3703279,0.07342015,0.556252
2021-07-06,0.41489825,0.019260952,0.5658408
2021-07-07,0.37407905,0.0749088,0.55101216
2021-07-08,0.37101498,0.07513937,0.55384564
2021-07-09,0.40975225,0.022278942,0.5679688
2021-07-12,0.3830704,0.036852665,0.58007693
2021-07-13,0.36663187,0.06273049,0.57063764
2021-07-14,0.38796955,0.044461876,0.5675686
2021-07-15,0.3807972,0.045782313,0.57342046
2021-07-16,0.39844173,0.03015198,0.5714063
2021-07-19,0.41946703,0.014158063,0.5663749
2021-07-20,0.3731254,0.07020258,0.556672
2021-07-21,0.3735791,0.07058153,0.5558393
2021-07-22,0.37061727,0.06309686,0.56628585
2021-07-23,0.37711805,0.048862837,0.5740191
2021-07-26,0.41839176,0.0130046755,0.5686035
2021-07-27,0.39338353,0.039065454,0.567551
2021-07-28,0.3716055,0.06152154,0.566873
2021-07-29,0.3800772,0.010155421,0.6097674
2021-07-30,0.3726677,0.01478437,0.61254793
2021-08-02,0.36302456,0.033129588,0.60384583
2021-08-03,0.36064723,0.032093335,0.6072594
2021-08-04,0.37710243,0.007559617,0.61533797
2021-08-05,0.36113393,0.035688337,0.60317767
2021-08-06,0.3612173,0.036642887,0.60213983
2021-08-09,0.38036442,0.014693942,0.6049417
2021-08-10,0.3608267,0.034239132,0.6049341
2021-08-11,0.37214506,0.0075498917,0.620305
2021-08-12,0.3856123,0.013707265,0.6006804
2021-08-13,0.39392647,0.020932984,0.58514047
2021-08-16,0.3698627,0.05571934,0.57441795
2021-08-17,0.42040735,0.0017719619,0.57782066
2021-08-18,0.4356568,0.015817098,0.5485261
2021-08-19,0.40570685,0.04114775,0.5531454
2021-08-20,0.37562993,0.07502275,0.5493474
2021-08-23,0.37578577,0.074801885,0.54941237
2021-08-24,0.3744149,0.07281818,0.552767
2021-08-25,0.3755499,0.07397496,0.5504751
2021-08-26,0.4455362,0.00047614716,0.5539877
2021-08-27,0.3757085,0.07469197,0.5495995
2021-08-30,0.37429866,0.07050339,0.55519795
2021-08-31,0.37424985,0.0709678,0.5547824
2021-09-01,0.37423408,0.06620414,0.5595617
2021-09-02,0.37294903,0.06406137,0.56298953
2021-09-03,0.41976127,0.027268847,0.55296993
2021-09-07,0.39244592,0.0497945,0.5577596
2021-09-08,0.37385926,0.07135218,0.55478853
2021-09-09,0.37463528,0.07364252,0.5517222
2021-09-10,0.37254274,0.06229747,0.56515986
2021-09-13,0.35820407,0.021951664,0.61984426
2021-09-14,0.37309182,0.049548708,0.5773595
2021-09-15,0.3901629,0.04975635,0.5600807
2021-09-16,0.36230236,0.037945718,0.59975195
2021-09-17,0.3841016,0.06577657,0.55012184
2021-09-20,0.37865496,0.022654679,0.59869033
2021-09-21,0.3744159,0.06662644,0.55895764
2021-09-22,0.37432328,0.06692122,0.5587555
2021-09-23,0.37260976,0.06362729,0.56376296
2021-09-24,0.3687206,0.054363344,0.57691604
2021-09-27,0.3742059,0.066063166,0.55973095
2021-09-28,0.37883005,0.012647167,0.60852283
2021-09-29,0.4083831,0.008098549,0.5835183
2021-09-30,0.3971469,0.047085747,0.5557673
