epoch,2021_11_18__16_09_20_daily_lr_0.0001_epoch_10000_metric_sortino
0,0.0835857167840004
1,0.23158881068229675
2,0.14991368353366852
3,0.12541134655475616
4,0.234449565410614
5,0.18432623147964478
6,0.061674389988183975
7,0.1344640552997589
8,0.12236964702606201
9,0.026499802246689796
10,0.17127825319766998
11,-0.08462298661470413
12,0.0551350899040699
13,0.13200727105140686
14,0.09380903840065002
15,0.1199977919459343
16,0.18412010371685028
17,0.039436861872673035
18,0.06899379938840866
19,0.11446698755025864
20,0.04331281781196594
21,0.222092866897583
22,0.02592112123966217
23,0.16410988569259644
24,0.2561512589454651
25,0.16003334522247314
26,0.10066132992506027
27,0.2605430483818054
28,0.13385963439941406
29,0.25070250034332275
30,0.07700426876544952
31,-0.07969321310520172
32,-0.018903976306319237
33,-0.10175260156393051
34,0.12723875045776367
35,0.19071625173091888
36,0.1976589560508728
37,0.11931420117616653
38,-0.05134134367108345
39,0.08385364711284637
40,0.10402524471282959
41,0.07085913419723511
42,0.08015667647123337
43,0.18334300816059113
44,0.2325374335050583
45,0.11980773508548737
46,0.2101646512746811
47,-0.06610412895679474
48,0.2288835048675537
49,0.23873642086982727
50,0.1098691001534462
51,0.23864950239658356
52,0.08932333439588547
53,0.2207258641719818
54,0.27406296133995056
55,0.1945836991071701
56,0.14420463144779205
57,0.11127994954586029
58,0.2573826014995575
59,0.06740855425596237
60,0.31521689891815186
61,-0.1154540553689003
62,0.1156773790717125
63,0.14415037631988525
64,0.0855502188205719
65,0.2992691099643707
66,0.03869912773370743
67,0.1290125697851181
68,0.29459303617477417
69,0.19812949001789093
70,0.03510122746229172
71,0.27365395426750183
72,-0.08982443064451218
73,0.08789510279893875
74,0.08645307272672653
75,0.03860953822731972
76,0.20064058899879456
77,0.24658100306987762
78,0.2981359660625458
79,0.10827738046646118
80,0.06417246162891388
81,0.10954492539167404
82,0.029126906767487526
83,0.09698547422885895
84,0.07296884804964066
85,-0.04769877716898918
86,0.010960035026073456
87,0.2253812849521637
88,0.22000229358673096
89,0.20238175988197327
90,0.13727162778377533
91,0.10137255489826202
92,0.07013926655054092
93,0.15457849204540253
94,-0.015871567651629448
95,0.1730049103498459
96,0.09998734295368195
97,0.16736717522144318
98,-0.06602669507265091
99,-0.1420038342475891
100,0.08053681999444962
101,0.05004001408815384
102,0.13737334311008453
103,0.1122751459479332
104,0.01116191502660513
105,0.27603888511657715
106,0.0987875685095787
107,0.10997914522886276
108,0.23633615672588348
109,0.08488650619983673
110,0.08940621465444565
111,0.015107015147805214
112,0.2022610753774643
113,-0.007514092139899731
114,0.09830668568611145
115,0.0015299753285944462
116,0.07632635533809662
117,0.054539915174245834
118,0.2999153733253479
119,0.24285660684108734
120,0.09377947449684143
121,0.05743445083498955
122,0.071420818567276
123,0.2656887173652649
124,0.05199278146028519
125,0.17859797179698944
126,0.0682712197303772
127,0.10190103948116302
128,0.08996409922838211
129,0.10425490140914917
130,-0.05169633775949478
131,0.04095754399895668
132,-0.03839356452226639
133,-0.04404911398887634
134,0.136526420712471
135,0.16706298291683197
136,0.02552829124033451
137,0.18425746262073517
138,0.08221311122179031
139,0.15889334678649902
140,0.026153312996029854
141,-0.004745265934616327
142,0.05141294747591019
143,-0.025508766993880272
144,0.24040870368480682
145,-0.0352446474134922
146,0.10784664750099182
147,-0.11994665861129761
148,0.026524191722273827
149,-0.004054374992847443
150,0.12232279032468796
151,-0.11802337318658829
152,0.12471898645162582
153,0.09297109395265579
154,0.060563184320926666
155,0.21334010362625122
156,0.01080930233001709
157,0.1875033676624298
158,0.06314455717802048
159,0.2877344489097595
160,0.14444957673549652
161,0.05907576158642769
162,0.033798858523368835
163,0.12819822132587433
164,-0.06452752649784088
165,0.16962292790412903
166,0.3256959617137909
167,0.12221978604793549
168,0.2391384094953537
169,0.2561698257923126
170,0.08577554672956467
171,0.19456380605697632
172,0.045079901814460754
173,-0.07256840169429779
174,0.2940233051776886
175,-0.00015260752115864307
176,0.11217454820871353
177,0.07748271524906158
178,0.18551667034626007
179,0.04542706161737442
180,0.06860672682523727
181,-0.0602140836417675
182,0.2185802161693573
183,0.14562438428401947
184,0.2406787872314453
185,0.10453396290540695
186,0.17270754277706146
187,0.1406254768371582
188,0.2187335044145584
189,0.28915834426879883
190,0.29419127106666565
191,0.08287424594163895
192,0.2748222351074219
193,0.11256133019924164
194,0.15887117385864258
195,0.1387600153684616
196,-0.07801935076713562
197,0.1349632441997528
198,0.09868517518043518
199,0.08795679360628128
200,0.10156159102916718
201,-0.06110247224569321
202,0.07589732110500336
203,0.09757205843925476
204,-0.050431955605745316
205,0.22222229838371277
206,0.18967902660369873
207,0.1692606657743454
208,0.082025907933712
209,0.028673503547906876
210,0.2539709806442261
211,0.0990457832813263
212,0.06693635880947113
213,0.03745677322149277
214,0.26528310775756836
215,-0.0010916941100731492
216,0.11442118883132935
217,0.268513023853302
218,0.10929539799690247
219,0.2577885687351227
220,0.06192224472761154
221,0.016856340691447258
222,0.13989044725894928
223,0.27558475732803345
224,-0.005688430741429329
225,-0.03302335366606712
226,0.1331663578748703
227,0.18175892531871796
228,0.026776039972901344
229,0.0848444327712059
230,0.30522647500038147
231,0.08166874945163727
232,0.036187853664159775
233,0.2754955589771271
234,0.036586880683898926
235,-0.022354936227202415
236,0.16903597116470337
237,0.021465225145220757
238,0.11578256636857986
239,0.15884391963481903
240,0.1171429380774498
241,0.02790943719446659
242,-0.08207778632640839
243,-0.02498486638069153
244,0.24052026867866516
245,0.013685833662748337
246,0.06853801757097244
247,0.1257377415895462
248,0.08101809769868851
249,0.10289224982261658
250,0.13171935081481934
251,0.10101595520973206
252,0.20910599827766418
253,0.18272201716899872
254,-0.0010642112465575337
255,-0.12929177284240723
256,0.14362271130084991
257,0.10854079574346542
258,0.08505449444055557
259,0.0979791134595871
260,0.12145040929317474
261,0.24352341890335083
262,0.13976915180683136
263,0.06097212806344032
264,-0.03126076981425285
265,0.13271237909793854
266,0.2841785252094269
267,-0.010796605609357357
268,0.1944054514169693
269,0.20420320332050323
270,0.18058696389198303
271,0.10295611619949341
272,0.06277886033058167
273,0.06728014349937439
274,0.1301855593919754
275,-0.05978674441576004
276,0.06572821736335754
277,0.1378907710313797
278,0.32335731387138367
279,0.09950007498264313
280,0.22252517938613892
281,0.3099522292613983
282,-0.11334504187107086
283,0.13092279434204102
284,0.1650465726852417
285,0.05725421383976936
286,-0.015902051702141762
287,0.17713917791843414
288,0.23793545365333557
289,0.06833678483963013
290,0.25672248005867004
291,-0.0808430090546608
292,-0.13361786305904388
293,-0.14197833836078644
294,0.23421064019203186
295,-0.022135887295007706
296,0.22705695033073425
297,0.12589997053146362
298,0.17847569286823273
299,0.2505125403404236
300,-0.06479637324810028
301,-0.03225148841738701
302,0.21400794386863708
303,0.2748401463031769
304,-0.08040270209312439
305,0.3214940130710602
306,0.1560102254152298
307,-0.04015752300620079
308,0.3267623782157898
309,0.10134079307317734
310,0.2880094051361084
311,-0.06533558666706085
312,0.08280333876609802
313,-0.05418809875845909
314,-0.07518164068460464
315,0.06355911493301392
316,0.18784387409687042
317,0.046940386295318604
318,0.06192295625805855
319,-0.04033799096941948
320,0.18236534297466278
321,0.0881681814789772
322,0.04575769975781441
323,-0.06652854382991791
324,-0.08338342607021332
325,0.18754667043685913
326,0.12298785895109177
327,0.1330498605966568
328,0.14184677600860596
329,0.04148729890584946
330,0.25859373807907104
331,-0.1332862228155136
332,-0.10663329809904099
333,0.12602242827415466
334,-0.04891006648540497
335,-0.05746744945645332
336,0.15075987577438354
337,-0.08673614263534546
338,0.1439162641763687
339,0.04729912057518959
340,0.0419994555413723
341,-0.10705459862947464
342,0.11358222365379333
343,0.07225237041711807
344,0.138330340385437
345,0.07873904705047607
346,-0.04614964500069618
347,0.07997030764818192
348,0.1383577585220337
349,0.14297613501548767
350,0.18965816497802734
351,-0.05393965542316437
352,0.25688302516937256
353,0.009218214079737663
354,0.1539658159017563
355,-0.06590228527784348
356,0.031732093542814255
357,0.03728369250893593
358,0.2548324465751648
359,0.1463233381509781
360,-0.06078125908970833
361,0.09041393548250198
362,-0.06128910556435585
363,-0.014090197160840034
364,0.07662481814622879
365,0.32810190320014954
366,0.08710236847400665
367,0.17209169268608093
368,0.054543230682611465
369,0.19969698786735535
370,-0.11960776895284653
371,0.25612330436706543
372,-0.024524454027414322
373,0.02773524634540081
374,-0.0630042776465416
375,0.15015597641468048
376,0.07844811677932739
377,0.06790372729301453
378,0.09409697353839874
379,0.026156116276979446
380,0.2594803273677826
381,0.025684146210551262
382,0.1553640067577362
383,0.28205162286758423
384,0.22872394323349
385,-0.026435930281877518
386,0.17563727498054504
387,0.1252550631761551
388,0.0805237889289856
389,0.1343417465686798
390,0.11097856611013412
391,0.09151944518089294
392,0.258323609828949
393,0.05794599652290344
394,-0.12798848748207092
395,0.11042725294828415
396,0.034689486026763916
397,0.20456965267658234
398,0.048208899796009064
399,0.09232356399297714
400,0.06439760327339172
401,-0.06281254440546036
402,0.2295493334531784
403,0.2135346382856369
404,0.24677816033363342
405,0.2491467297077179
406,0.10463706403970718
407,0.1968914121389389
408,0.2087085247039795
409,0.10284645855426788
410,-0.13296979665756226
411,0.29002252221107483
412,0.24378491938114166
413,0.3086901605129242
414,0.057689737528562546
415,0.12689167261123657
416,0.07484468817710876
417,-0.029409591108560562
418,-0.09607639908790588
419,0.08894053846597672
420,0.11734683811664581
421,0.18731841444969177
422,-0.1424984633922577
423,0.083561010658741
424,0.07024051249027252
425,0.04552500694990158
426,0.09220004081726074
427,0.09755826741456985
428,-0.11452166736125946
429,0.08019722998142242
430,0.03692195564508438
431,0.2546714246273041
432,0.14666792750358582
433,0.04271051660180092
434,-0.013642720878124237
435,0.016564596444368362
436,0.2947201430797577
437,-0.06855792552232742
438,0.14124415814876556
439,0.10937068611383438
440,0.18765166401863098
441,0.26664456725120544
442,0.08306306600570679
443,0.03445375710725784
444,0.08993074297904968
445,0.13699886202812195
446,-0.024289758875966072
447,0.13003404438495636
448,0.18988484144210815
449,0.10014811903238297
450,0.28538697957992554
451,0.1283220797777176
452,0.10174866765737534
453,-0.035176992416381836
454,0.05936484783887863
455,-0.08438962697982788
456,-0.06880056858062744
457,0.2014647275209427
458,0.23942440748214722
459,0.017028339207172394
460,0.1091986820101738
461,0.06547839194536209
462,0.1566971391439438
463,-0.14005932211875916
464,0.08937377482652664
465,0.05848728492856026
466,-0.01100159902125597
467,0.16654106974601746
468,0.13569222390651703
469,0.2505539655685425
470,0.22974719107151031
471,0.3161701560020447
472,0.11080710589885712
473,0.25206276774406433
474,0.06198557838797569
475,0.06626966595649719
476,-0.030245710164308548
477,0.0193710308521986
478,-0.09155163913965225
479,0.03971831500530243
480,0.20227617025375366
481,0.18531888723373413
482,0.05939997732639313
483,0.2657770812511444
484,0.07469504326581955
485,0.11341670900583267
486,0.13882169127464294
487,0.1926456242799759
488,0.07697278261184692
489,0.06225934997200966
490,0.2831250727176666
491,0.09552182257175446
492,0.06422708928585052
493,0.036466337740421295
494,0.08213263750076294
495,0.13740848004817963
496,0.16754214465618134
497,0.0470789335668087
498,-0.025519609451293945
499,0.09144894033670425
500,0.1810935139656067
501,0.13704313337802887
502,0.18356558680534363
503,0.06615162640810013
504,0.10896728932857513
505,0.2051038295030594
506,0.21380296349525452
507,-0.1206325963139534
508,0.20633584260940552
509,0.3040272891521454
510,0.17961488664150238
511,-0.14697828888893127
512,0.2358303964138031
513,-0.039843298494815826
514,0.25796064734458923
515,0.166753888130188
516,0.10557149350643158
517,-0.058805350214242935
518,-0.02316642366349697
519,0.19118539988994598
520,0.2846716344356537
521,0.013731077313423157
522,0.12930935621261597
523,-0.10698694735765457
524,0.13925987482070923
525,0.14468957483768463
526,0.26187020540237427
527,-0.1537812501192093
528,-0.02898545004427433
529,0.23303262889385223
530,0.05431308597326279
531,0.1439562439918518
532,0.05092783272266388
533,0.08332742005586624
534,0.22676582634449005
535,0.20361502468585968
536,0.13287873566150665
537,0.08134234696626663
538,0.11111629009246826
539,0.22248634696006775
540,-0.06624564528465271
541,0.08682580292224884
542,0.12299537658691406
543,-0.06289016455411911
544,-0.038278933614492416
545,0.26950252056121826
546,0.09551886469125748
547,0.23084601759910583
548,-0.057248856872320175
549,0.20565126836299896
550,0.11221428215503693
551,0.07318473607301712
552,0.1331624537706375
553,-0.12882547080516815
554,0.05098171532154083
555,0.14346328377723694
556,0.21446990966796875
557,0.13723768293857574
558,0.28319111466407776
559,0.2697789669036865
560,0.12607073783874512
561,0.0828665941953659
562,-0.10577569901943207
563,0.06257617473602295
564,0.11860144883394241
565,0.18817715346813202
566,0.11930529028177261
567,0.1551007181406021
568,-0.04429024085402489
569,0.05413077399134636
570,0.08989566564559937
571,0.25333425402641296
572,-0.0218588225543499
573,0.10437173396348953
574,0.11644815653562546
575,0.0601830780506134
576,0.06009184941649437
577,0.10574226826429367
578,0.015372384339571
579,0.23279082775115967
580,0.1833457201719284
581,-0.055540625005960464
582,-0.07533113658428192
583,-0.07168567925691605
584,0.06264487653970718
585,0.07942043989896774
586,0.1512797623872757
587,0.05634288117289543
588,0.021295569837093353
589,0.1276043802499771
590,0.042704325169324875
591,0.10481605678796768
592,0.07834066450595856
593,0.09811555594205856
594,0.24303239583969116
595,0.11216548085212708
596,0.0014307982055470347
597,0.1619284749031067
598,0.051014967262744904
599,-0.07703790813684464
600,-0.04290596395730972
601,0.08766895532608032
602,0.06662414222955704
603,-0.03709840402007103
604,0.1997571438550949
605,0.09862039983272552
606,0.09565597027540207
607,0.06824594736099243
608,0.29350438714027405
609,0.19084465503692627
610,-0.0694921538233757
611,0.14118966460227966
612,0.1738077700138092
613,0.18259766697883606
614,0.12648291885852814
615,-0.12103944271802902
616,0.21128861606121063
617,-0.06790465116500854
618,0.2005724161863327
619,0.21123121678829193
620,0.0646379142999649
621,-0.04398748278617859
622,0.11278295516967773
623,0.03138367831707001
624,0.24179300665855408
625,-0.10437530279159546
626,0.0772213414311409
627,0.07833638787269592
628,0.12177719920873642
629,0.229415625333786
630,0.13798001408576965
631,0.08085085451602936
632,0.08789446204900742
633,0.09587028622627258
634,0.01967785321176052
635,0.16846153140068054
636,0.035736992955207825
637,0.10125508159399033
638,0.11075157672166824
639,0.16296067833900452
640,0.0965392217040062
641,0.07320143282413483
642,0.12180609256029129
643,0.2660300135612488
644,0.2179054468870163
645,-0.023612484335899353
646,0.1896369606256485
647,0.06266705691814423
648,0.18955695629119873
649,0.2098519206047058
650,0.09664847701787949
651,-0.06333979964256287
652,0.11196544766426086
653,0.20493927597999573
654,-0.01325701642781496
655,0.046388667076826096
656,0.09283162653446198
657,0.19841741025447845
658,-0.023076266050338745
659,0.13166576623916626
660,0.09604372084140778
661,0.09382783621549606
662,0.22982975840568542
663,0.0866493433713913
664,0.08918871730566025
665,0.13948261737823486
666,-0.11827168613672256
667,0.07127293199300766
668,-0.08811761438846588
669,0.26929956674575806
670,0.08001884818077087
671,0.1550147980451584
672,0.07361021637916565
673,0.24628639221191406
674,0.07311064749956131
675,0.019623616710305214
676,0.09048682451248169
677,0.10097023099660873
678,0.25997909903526306
679,0.17400845885276794
680,0.11507424712181091
681,-0.02390158735215664
682,0.02585674822330475
683,0.11913135647773743
684,0.2931722104549408
685,-0.17037367820739746
686,-0.11472325772047043
687,0.2318672388792038
688,0.11792026460170746
689,0.1316862255334854
690,0.31410378217697144
691,0.2961142361164093
692,0.08531611412763596
693,0.2478325068950653
694,0.042179375886917114
695,0.18838635087013245
696,0.08842920511960983
697,0.0210774727165699
698,0.0578538216650486
699,0.11758217215538025
700,0.21397237479686737
701,0.11110681295394897
702,0.10561922937631607
703,0.28597894310951233
704,0.19859905540943146
705,0.2074989378452301
706,0.13000676035881042
707,0.11282183229923248
708,0.22174179553985596
709,0.12559980154037476
710,0.014119439758360386
711,0.236047625541687
712,0.03916234150528908
713,0.19990944862365723
714,0.0645093321800232
715,0.05792171135544777
716,0.1328289955854416
717,0.23674800992012024
718,0.19547013938426971
719,0.06030883267521858
720,0.24894870817661285
721,0.14026929438114166
722,0.03658432886004448
723,0.11856352537870407
724,0.11959770321846008
725,0.2579776644706726
726,0.0559564046561718
727,0.10585401952266693
728,0.15334337949752808
729,-0.04742256551980972
730,0.15267710387706757
731,0.05198390781879425
732,-0.11626359820365906
733,0.19199152290821075
734,0.13898493349552155
735,0.05692993849515915
736,-0.007619751617312431
737,-0.1290166974067688
738,0.18264126777648926
739,-0.042369816452264786
740,0.052884191274642944
741,-0.027850862592458725
742,0.057672981172800064
743,0.0845344290137291
744,0.07206620275974274
745,-0.002454255009070039
746,0.2084100991487503
747,0.2035450041294098
748,0.1138504147529602
749,-0.13741514086723328
750,0.23014719784259796
751,0.08731146156787872
752,0.07086475193500519
753,0.12861116230487823
754,0.18775604665279388
755,0.20146214962005615
756,0.12854620814323425
757,0.013480169698596
758,0.0013098595663905144
759,0.055706847459077835
760,0.03258107602596283
761,0.11600920557975769
762,0.1266295611858368
763,0.05719922482967377
764,0.07459420710802078
765,0.11582493782043457
766,0.21703605353832245
767,0.2500285804271698
768,0.18120063841342926
769,0.241722971200943
770,0.09198109805583954
771,0.20027588307857513
772,0.07970918715000153
773,0.23070146143436432
774,0.23486821353435516
775,-0.0288986898958683
776,0.12142215669155121
777,0.07410462945699692
778,0.13356642425060272
779,0.10644340515136719
780,0.02797258459031582
781,0.22605058550834656
782,0.0867125391960144
783,0.13727733492851257
784,0.28828495740890503
785,0.11127626895904541
786,0.12293381243944168
787,0.03140319883823395
788,-0.03939453512430191
789,0.0664639100432396
790,0.07917775958776474
791,-0.1115400642156601
792,0.2052444964647293
793,0.14916297793388367
794,0.2384330928325653
795,0.03361812233924866
796,0.03499069809913635
797,0.13816829025745392
798,0.2079368531703949
799,0.2156485915184021
800,0.1759522408246994
801,0.17000196874141693
802,-0.00023643752501811832
803,0.2406204491853714
804,0.11912421882152557
805,-0.08178910613059998
806,0.16041676700115204
807,0.09240908175706863
808,0.21862244606018066
809,0.09784747660160065
810,-0.11673656851053238
811,-0.035450566560029984
812,0.09836471825838089
813,0.08336580544710159
814,0.26153817772865295
815,0.06430469453334808
816,0.11514197289943695
817,0.12056956440210342
818,0.022713804617524147
819,0.21158595383167267
820,0.09617358446121216
821,0.04134996235370636
822,0.12321538478136063
823,0.09179007261991501
824,0.2011059671640396
825,0.07421386986970901
826,-0.05933675915002823
827,0.18484704196453094
828,0.14505447447299957
829,0.03624387085437775
830,0.0973590612411499
831,0.27030953764915466
832,0.13103409111499786
833,0.09945177286863327
834,-0.026923542842268944
835,0.17923079431056976
836,0.10379014909267426
837,0.17813797295093536
838,0.2045448124408722
839,0.08306363224983215
840,0.2537396550178528
841,0.23068620264530182
842,0.19645072519779205
843,0.11645139753818512
844,0.03392729163169861
845,0.13567282259464264
846,-0.014750550501048565
847,0.1147020161151886
848,-0.0227712020277977
849,0.07244656980037689
850,0.09251175075769424
851,0.10903468728065491
852,0.09899499267339706
853,0.24054504930973053
854,0.11381184309720993
855,0.23172415792942047
856,0.10835917294025421
857,-0.054508026689291
858,0.19939959049224854
859,0.05875920131802559
860,0.030669590458273888
861,0.14070281386375427
862,0.10419343411922455
863,0.20010194182395935
864,-0.06411952525377274
865,-0.11643457412719727
866,-0.10010714828968048
867,0.0915302187204361
868,0.24341239035129547
869,0.20318540930747986
870,0.15047109127044678
871,0.2225961685180664
872,0.2354438155889511
873,-0.04706260934472084
874,0.13774652779102325
875,0.0762949138879776
876,0.021990271285176277
877,-0.00533644761890173
878,-0.10810831189155579
879,0.1714429259300232
880,0.10737176239490509
881,0.31446340680122375
882,0.29885345697402954
883,0.2833777070045471
884,0.038006603717803955
885,0.07216542214155197
886,0.0597277395427227
887,0.2049025148153305
888,-0.021790355443954468
889,-0.06803154200315475
890,0.1929354965686798
891,0.1905900090932846
892,0.1929721087217331
893,0.11239513009786606
894,0.2501990497112274
895,0.219803124666214
896,0.09500657767057419
897,0.2396080642938614
898,0.2275577187538147
899,0.21795742213726044
900,-0.04495757818222046
901,0.10500174760818481
902,0.07030133157968521
903,0.19168999791145325
904,0.12877686321735382
905,0.25269460678100586
906,0.11977576464414597
907,-0.059699319303035736
908,0.20948410034179688
909,0.19251032173633575
910,0.0698653906583786
911,0.0982898622751236
912,0.049537044018507004
913,0.026976004242897034
914,0.1838688850402832
915,0.11796101182699203
916,0.0715358629822731
917,0.03372540697455406
918,-0.07546865940093994
919,0.14185738563537598
920,0.12606827914714813
921,0.1054505705833435
922,0.25252678990364075
923,0.2468397468328476
924,0.013727833516895771
925,0.2743835747241974
926,0.0015797471860423684
927,0.1647866666316986
928,-0.12694506347179413
929,0.13997027277946472
930,-0.042957108467817307
931,0.05581837520003319
932,0.19001832604408264
933,-0.03645498678088188
934,0.06143360957503319
935,0.11164196580648422
936,0.13284626603126526
937,0.2120455503463745
938,0.10752153396606445
939,0.26245686411857605
940,0.1880510151386261
941,0.12433072924613953
942,0.06618659943342209
943,0.20669414103031158
944,-0.056682322174310684
945,0.015942949801683426
946,-0.022156789898872375
947,0.09094777703285217
948,0.1419186294078827
949,-0.03844728320837021
950,0.14364489912986755
951,-0.08404318243265152
952,0.2397141009569168
953,0.06528513878583908
954,0.23264233767986298
955,0.06504505127668381
956,0.027549874037504196
957,0.10271994024515152
958,0.08332350105047226
959,0.13720741868019104
960,-0.02276073396205902
961,0.1589651256799698
962,0.15133845806121826
963,0.0323435515165329
964,-0.021695373579859734
965,0.1652565747499466
966,0.048599354922771454
967,0.13461335003376007
968,-0.07350640743970871
969,0.13442592322826385
970,0.05661292001605034
971,0.13055866956710815
972,0.12125556915998459
973,0.28210029006004333
974,0.1721692681312561
975,0.24563761055469513
976,0.11093053966760635
977,0.11870013177394867
978,0.16163112223148346
979,0.04070812836289406
980,0.15333428978919983
981,0.357866495847702
982,0.11789586395025253
983,0.3035205900669098
984,0.08578624576330185
985,0.125569686293602
986,-0.11329235881567001
987,0.13888642191886902
988,0.09089146554470062
989,0.06785277277231216
990,-0.12154383212327957
991,0.15181973576545715
992,0.09700553864240646
993,-0.03365649655461311
994,0.11775800585746765
995,-0.08413494378328323
996,0.27671122550964355
997,0.15810437500476837
998,-0.00015559644089080393
999,0.2120886743068695
1000,0.13368406891822815
1001,0.07341402024030685
1002,0.22803479433059692
1003,0.2542077898979187
1004,0.09090045094490051
1005,0.05680558830499649
1006,0.29027023911476135
1007,0.11681029945611954
1008,0.15628966689109802
1009,0.10097698122262955
1010,0.21534790098667145
1011,0.13223513960838318
1012,0.29262402653694153
1013,-0.04063135385513306
1014,0.20252276957035065
1015,0.2217624932527542
1016,0.20401401817798615
1017,-0.15607306361198425
1018,0.01604529842734337
1019,0.08338679373264313
1020,0.1002241000533104
1021,0.32679009437561035
1022,0.10726480185985565
1023,-0.11405940353870392
1024,0.26104262471199036
1025,0.10909589380025864
1026,0.0721873939037323
1027,-0.03934221714735031
1028,-0.07078570127487183
1029,-0.09065423160791397
1030,0.19130536913871765
1031,0.07830024510622025
1032,0.09086373448371887
1033,0.09162818640470505
1034,0.2896501421928406
1035,0.11964794993400574
1036,0.08967822045087814
1037,0.06806696206331253
1038,0.19160893559455872
1039,0.3162690997123718
1040,-0.06484944373369217
1041,0.23526309430599213
1042,0.2522214353084564
1043,0.14704583585262299
1044,0.09884966909885406
1045,0.13742442429065704
1046,0.24989715218544006
1047,0.12626372277736664
1048,0.096783846616745
1049,0.2145252674818039
1050,0.31220051646232605
1051,0.3442726731300354
1052,-0.13744021952152252
1053,0.08430049568414688
1054,0.1951131820678711
1055,0.2763385474681854
1056,0.09905034303665161
1057,0.31736448407173157
1058,0.2991138994693756
1059,-0.06356380134820938
1060,0.10292129963636398
1061,0.1669180691242218
1062,0.1517016738653183
1063,0.0782146230340004
1064,0.01527058333158493
1065,0.07506370544433594
1066,0.08503951877355576
1067,0.03676241263747215
1068,0.12851248681545258
1069,0.12288415431976318
1070,-0.020943457260727882
1071,-0.0009805158479139209
1072,0.12205751240253448
1073,-0.06671828776597977
1074,0.21133150160312653
1075,0.33095771074295044
1076,0.11850612610578537
1077,0.2361336648464203
1078,0.23264944553375244
1079,0.13103310763835907
1080,0.03307666629552841
1081,-0.15395724773406982
1082,0.15278275310993195
1083,0.05197069048881531
1084,0.1368057280778885
1085,0.14748308062553406
1086,-0.06092526763677597
1087,0.13364914059638977
1088,0.09332321584224701
1089,0.04142247512936592
1090,0.11305245012044907
1091,0.16597992181777954
1092,0.2963853180408478
1093,0.1727593094110489
1094,0.11534537374973297
1095,0.2700863182544708
1096,0.06734950095415115
1097,0.15282948315143585
1098,0.07868807017803192
1099,0.05752602592110634
1100,0.10787945240736008
1101,-0.08066175132989883
1102,0.06743816286325455
1103,0.17214709520339966
1104,0.059155385941267014
1105,0.24019932746887207
1106,-0.06139307841658592
1107,0.07989051192998886
1108,-0.06699229031801224
1109,0.39497822523117065
1110,0.05912555009126663
1111,0.10007326304912567
1112,0.31384795904159546
1113,0.0684720054268837
1114,-0.03737201169133186
1115,0.16861645877361298
1116,0.1802448332309723
1117,0.17506664991378784
1118,0.07032284885644913
1119,0.23478899896144867
1120,-0.11543469876050949
1121,0.09496366232633591
1122,0.2480836659669876
1123,-0.0444701686501503
1124,0.06915726512670517
1125,0.22115258872509003
1126,0.02528984285891056
1127,0.06604601442813873
1128,0.0879976749420166
1129,0.19284303486347198
1130,0.09562705457210541
1131,0.18097078800201416
1132,0.12001500278711319
1133,-0.021866198629140854
1134,0.1114831492304802
1135,0.15446169674396515
1136,0.2543630003929138
1137,0.05958952009677887
1138,-0.03935084491968155
1139,-0.06294656544923782
1140,-0.07192384451627731
1141,0.034341469407081604
1142,0.17745722830295563
1143,0.13481979072093964
1144,0.06076483055949211
1145,0.012762458063662052
1146,0.30156442523002625
1147,0.12885653972625732
1148,0.09235569089651108
1149,-0.09947241097688675
1150,0.3009940981864929
1151,0.14318545162677765
1152,0.12989263236522675
1153,0.21034547686576843
1154,0.0015840494306758046
1155,0.04487510770559311
1156,-0.05658075585961342
1157,0.07088043540716171
1158,0.10327289998531342
1159,0.1599881500005722
1160,0.18837490677833557
1161,0.24049542844295502
1162,0.2773006856441498
1163,0.048211973160505295
1164,0.19275397062301636
1165,-0.0028849178925156593
1166,-0.028313811868429184
1167,-0.15410031378269196
1168,0.2695365250110626
1169,0.20007535815238953
1170,-0.10622785985469818
1171,0.11783261597156525
1172,0.12490422278642654
1173,-0.12110721319913864
1174,-0.04431457445025444
1175,0.0939669981598854
1176,0.26869213581085205
1177,0.1360100954771042
1178,0.12529899179935455
1179,0.09989418834447861
1180,0.1481412649154663
1181,0.25906169414520264
1182,0.32175371050834656
1183,0.1357659101486206
1184,-0.0604378841817379
1185,0.11256035417318344
1186,0.07975231111049652
1187,-0.010105322115123272
1188,0.27584919333457947
1189,0.20054568350315094
1190,0.18696916103363037
1191,-0.03697583079338074
1192,-0.026552891358733177
1193,0.1099167987704277
1194,0.17065104842185974
1195,0.07290322333574295
1196,0.11543289572000504
1197,0.267471581697464
1198,0.09605149924755096
1199,0.07755562663078308
1200,0.19959589838981628
1201,0.12630023062229156
1202,0.12491218745708466
1203,0.24872535467147827
1204,0.1394927203655243
1205,0.21504150331020355
1206,0.17490369081497192
1207,0.09221643209457397
1208,0.07044991850852966
1209,-0.05671629309654236
1210,0.12941940128803253
1211,0.06397747248411179
1212,0.29852524399757385
1213,0.09222358465194702
1214,-0.04394027590751648
1215,0.3196703791618347
1216,0.14408917725086212
1217,0.2019464075565338
1218,0.07552698999643326
1219,0.14104683697223663
1220,0.2525855302810669
1221,0.004559729248285294
1222,-0.15064696967601776
1223,0.3029535412788391
1224,0.0592043474316597
1225,0.037063080817461014
1226,-0.008135647512972355
1227,0.03574122115969658
1228,0.18915115296840668
1229,0.26438242197036743
1230,0.13004064559936523
1231,0.049227677285671234
1232,0.14992980659008026
1233,0.07433152198791504
1234,0.18802016973495483
1235,0.13087573647499084
1236,0.0006605039816349745
1237,-0.053908996284008026
1238,0.2507232427597046
1239,-0.016559306532144547
1240,0.36751338839530945
1241,0.2716064155101776
1242,0.16977344453334808
1243,-0.0368930958211422
1244,0.13886100053787231
1245,0.12165700644254684
1246,-0.012051185593008995
1247,0.10172326117753983
1248,0.01822895184159279
1249,0.2537890374660492
1250,0.18902714550495148
1251,0.015643032267689705
1252,0.08609899878501892
1253,0.14659014344215393
1254,0.03645307943224907
1255,0.2874889671802521
1256,0.20142678916454315
1257,0.0491732582449913
1258,0.12700100243091583
1259,-0.15518033504486084
1260,0.008955049328505993
1261,0.12410832941532135
1262,0.02045334503054619
1263,0.110321044921875
1264,0.0725085511803627
1265,0.016487527638673782
1266,-0.06793901324272156
1267,0.07542389631271362
1268,0.15683607757091522
1269,-0.09416977316141129
1270,-0.03622402250766754
1271,-0.04992268234491348
1272,-0.024395212531089783
1273,-0.04364749789237976
1274,0.1269513964653015
1275,0.14355964958667755
1276,0.032479699701070786
1277,-0.07640458643436432
1278,0.05820263549685478
1279,0.31547650694847107
1280,0.1743435263633728
1281,0.0788520947098732
1282,0.32725027203559875
1283,0.13623784482479095
1284,0.09014944732189178
1285,0.05436282232403755
1286,0.11855970323085785
1287,0.33381983637809753
1288,0.07348432391881943
1289,0.17022544145584106
1290,0.17540179193019867
1291,0.06420283764600754
1292,-0.02502765692770481
1293,0.16645964980125427
1294,0.13910672068595886
1295,-0.01726275496184826
1296,0.08451099693775177
1297,0.1300755739212036
1298,0.22116844356060028
1299,-0.029253996908664703
1300,-0.05915476381778717
1301,0.08227231353521347
1302,0.04767085611820221
1303,0.13055789470672607
1304,0.03080858290195465
1305,0.06911779195070267
1306,0.1060156300663948
1307,0.04975277557969093
1308,0.2825755178928375
1309,-0.08057115226984024
1310,0.07305808365345001
1311,0.09732454270124435
1312,0.041788313537836075
1313,-0.09235192835330963
1314,0.11455544829368591
1315,0.1609453707933426
1316,0.1553450971841812
1317,0.2121245414018631
1318,0.13649418950080872
1319,0.14706997573375702
1320,0.11512600630521774
1321,0.08523745834827423
1322,0.24855168163776398
1323,0.18112660944461823
1324,-0.05298131704330444
1325,0.11525186151266098
1326,0.1364540010690689
1327,0.11099985241889954
1328,0.29283520579338074
1329,0.1136254146695137
1330,0.22437991201877594
1331,-0.04122393578290939
1332,0.03396834433078766
1333,0.04364316165447235
1334,0.1323191076517105
1335,0.1502162516117096
1336,0.31759822368621826
1337,0.12391691654920578
1338,0.16983188688755035
1339,0.19790634512901306
1340,0.17133939266204834
1341,0.2075778990983963
1342,-0.029159316793084145
1343,-0.023789698258042336
1344,0.02809518575668335
1345,0.15783536434173584
1346,0.07840617746114731
1347,0.18849414587020874
1348,0.20845144987106323
1349,-0.0890250951051712
1350,0.12939754128456116
1351,0.09670551121234894
1352,-0.000681193545460701
1353,0.2706989645957947
1354,-0.12542131543159485
1355,-0.0025028076488524675
1356,0.313265860080719
1357,0.014593428932130337
1358,0.04093364253640175
1359,0.16829487681388855
1360,0.17924834787845612
1361,0.11124078929424286
1362,0.1505829095840454
1363,0.2046000212430954
1364,0.3079199492931366
1365,-0.08119746297597885
1366,0.300211638212204
1367,-0.06707494705915451
1368,0.1267668753862381
1369,0.19702932238578796
1370,0.04527612775564194
1371,0.06730490922927856
1372,0.04887762293219566
1373,0.2917533218860626
1374,0.17556656897068024
1375,0.3461568355560303
1376,0.12039631605148315
1377,0.06863554567098618
1378,0.07575956732034683
1379,-0.10373616963624954
1380,0.2943052649497986
1381,0.3157747983932495
1382,0.06253454834222794
1383,0.20171213150024414
1384,0.06887976080179214
1385,0.13554909825325012
1386,-0.005180197302252054
1387,-0.0516933836042881
1388,0.04306597635149956
1389,0.05957600846886635
1390,0.2253897786140442
1391,0.19051235914230347
1392,0.11777440458536148
1393,0.09418440610170364
1394,0.22189199924468994
1395,0.020637093111872673
1396,0.1020093560218811
1397,0.3565078377723694
1398,0.1444462537765503
1399,0.0053791627287864685
1400,0.3562115430831909
1401,0.1494721621274948
1402,0.04053516685962677
1403,0.08427105844020844
1404,0.13081243634223938
1405,0.23934486508369446
1406,0.0837942361831665
1407,0.17794311046600342
1408,0.2495851069688797
1409,0.3003324568271637
1410,0.15756425261497498
1411,-0.013422293588519096
1412,0.15937279164791107
1413,-0.06131592020392418
1414,-0.06843388080596924
1415,0.35953831672668457
1416,0.3501146137714386
1417,0.33747491240501404
1418,0.14590713381767273
1419,0.054275643080472946
1420,0.04486675187945366
1421,0.026847047731280327
1422,0.1263173371553421
1423,0.03531450405716896
1424,-0.0571860745549202
1425,0.2946713864803314
1426,0.07131621241569519
1427,-0.04405974969267845
1428,0.3305540382862091
1429,-0.1257580816745758
1430,0.13545428216457367
1431,0.11500735580921173
1432,-0.047349151223897934
1433,-0.17799174785614014
1434,0.27140769362449646
1435,0.2231941670179367
1436,0.19085156917572021
1437,0.14435619115829468
1438,-0.00594578729942441
1439,-0.022199779748916626
1440,0.017337054014205933
1441,0.20888052880764008
1442,0.10642071068286896
1443,0.16662821173667908
1444,0.3538758158683777
1445,0.1940629929304123
1446,0.3611970543861389
1447,0.22552379965782166
1448,0.006056277081370354
1449,0.05478072538971901
1450,0.09522921591997147
1451,0.11647531390190125
1452,0.004424631595611572
1453,0.051778752356767654
1454,0.36576032638549805
1455,0.30645620822906494
1456,0.2112310528755188
1457,0.11172100156545639
1458,0.031210076063871384
1459,0.1290317177772522
1460,0.1767427623271942
1461,0.12406755238771439
1462,0.3042752146720886
1463,0.16914717853069305
1464,0.06002804636955261
1465,0.03163444250822067
1466,0.0656721219420433
1467,0.1658974438905716
1468,0.0634876936674118
1469,0.27690067887306213
1470,0.19894932210445404
1471,0.002195692854002118
1472,0.32262951135635376
1473,0.1882341504096985
1474,0.09528742730617523
1475,0.11734247952699661
1476,0.32180535793304443
1477,0.3125529885292053
1478,0.30483192205429077
1479,0.09416717290878296
1480,-0.014501586556434631
1481,0.20429381728172302
1482,0.18805676698684692
1483,-0.0013529194984585047
1484,0.075795978307724
1485,0.2059871107339859
1486,0.04750857874751091
1487,0.3093249499797821
1488,0.1615767627954483
1489,-0.12236234545707703
1490,0.16395196318626404
1491,0.15516449511051178
1492,0.04134492576122284
1493,0.07526280730962753
1494,0.11625416576862335
1495,0.1398802548646927
1496,0.13449503481388092
1497,0.04624287039041519
1498,0.04058616980910301
1499,-0.07443764805793762
1500,-0.09593956172466278
1501,0.16971802711486816
1502,0.16839896142482758
1503,0.14171545207500458
1504,0.09539500623941422
1505,-0.011072475463151932
1506,-0.04315001145005226
1507,-0.01579739712178707
1508,0.3079014718532562
1509,-0.0701618567109108
1510,0.0623452253639698
1511,0.06424075365066528
1512,0.07123751938343048
1513,0.08519099652767181
1514,-0.1248633936047554
1515,0.10330809652805328
1516,0.2341180145740509
1517,0.11554095894098282
1518,0.040101975202560425
1519,0.13139784336090088
1520,0.3964434862136841
1521,0.20371177792549133
1522,0.16210049390792847
1523,0.15027807652950287
1524,0.08576745539903641
1525,0.09036634862422943
1526,0.17342089116573334
1527,-0.053789664059877396
1528,0.1490267962217331
1529,-0.12647347152233124
1530,0.2800433039665222
1531,0.30872485041618347
1532,0.22979646921157837
1533,0.11417374014854431
1534,0.29938969016075134
1535,0.07038801163434982
1536,-0.016893498599529266
1537,-0.06455541402101517
1538,0.09480402618646622
1539,0.10934510082006454
1540,0.27378320693969727
1541,0.14603190124034882
1542,0.08715356141328812
1543,-0.011580188758671284
1544,0.17366255819797516
1545,0.28158634901046753
1546,0.12364856898784637
1547,0.15749965608119965
1548,0.23911528289318085
1549,0.2165791243314743
1550,0.10738328844308853
1551,-0.08869627863168716
1552,0.10779386758804321
1553,0.12284509837627411
1554,0.09292837232351303
1555,0.19001084566116333
1556,0.10799930989742279
1557,0.18540117144584656
1558,0.1426078826189041
1559,0.02599380537867546
1560,0.12279471009969711
1561,0.09914082288742065
1562,-0.10920332372188568
1563,-0.025225333869457245
1564,0.01462541799992323
1565,0.07479874789714813
1566,0.06872932612895966
1567,0.17420333623886108
1568,0.21220549941062927
1569,0.05175139755010605
1570,0.1365576684474945
1571,-0.00902794674038887
1572,-0.008542406372725964
1573,0.37855562567710876
1574,0.2279125154018402
1575,-0.081240214407444
1576,0.27315202355384827
1577,0.14239752292633057
1578,0.17774520814418793
1579,0.02932247705757618
1580,0.17582543194293976
1581,0.0580434612929821
1582,0.08084775507450104
1583,0.19643859565258026
1584,0.04189961776137352
1585,0.18554645776748657
1586,-0.13119007647037506
1587,0.14371435344219208
1588,0.07599004358053207
1589,0.00547536788508296
1590,-0.09803678095340729
1591,0.2332541048526764
1592,0.06690732389688492
1593,0.18118125200271606
1594,0.16807842254638672
1595,0.08871738612651825
1596,-0.04896174371242523
1597,0.03594152629375458
1598,-0.07192772626876831
1599,0.23217764496803284
1600,0.324396014213562
1601,0.132468119263649
1602,0.18716412782669067
1603,0.10609778761863708
1604,0.049969468265771866
1605,-0.03572247922420502
1606,0.22281312942504883
1607,0.33094072341918945
1608,0.02394431084394455
1609,0.003677613101899624
1610,0.06002234295010567
1611,-0.1067534014582634
1612,-0.048132769763469696
1613,0.09938745200634003
1614,0.06855659186840057
1615,0.0657256543636322
1616,0.14481428265571594
1617,0.08053740113973618
1618,-0.13549596071243286
1619,0.019322654232382774
1620,0.3289313316345215
1621,0.18566754460334778
1622,0.07246334105730057
1623,0.05480841547250748
1624,-0.043446723371744156
1625,0.29146692156791687
1626,0.0896821916103363
1627,0.044602956622838974
1628,-0.011358796618878841
1629,0.15058733522891998
1630,0.1807994544506073
1631,0.139323428273201
1632,0.07486122846603394
1633,0.2842549681663513
1634,0.13957025110721588
1635,0.043683551251888275
1636,-0.022933265194296837
1637,0.13678030669689178
1638,0.12195130437612534
1639,0.3031946122646332
1640,0.12039534002542496
1641,0.16623921692371368
1642,0.13242410123348236
1643,0.17524316906929016
1644,-0.014120570383965969
1645,0.07845161855220795
1646,0.08961454033851624
1647,0.09527034312486649
1648,0.2137083113193512
1649,0.08523578941822052
1650,0.2923089861869812
1651,0.09161338210105896
1652,0.12956224381923676
1653,0.1811402589082718
1654,0.2735673785209656
1655,0.3258954882621765
1656,0.25999870896339417
1657,0.3584877848625183
1658,-0.012781868688762188
1659,-0.014379862695932388
1660,0.0546765998005867
1661,0.04955261945724487
1662,0.18659575283527374
1663,0.31555503606796265
1664,0.08562925457954407
1665,0.037751927971839905
1666,0.22698643803596497
1667,-0.01828310266137123
1668,0.04924416169524193
1669,0.012900471687316895
1670,0.22989608347415924
1671,0.25711655616760254
1672,0.1431196928024292
1673,0.2738063335418701
1674,0.0527835488319397
1675,-0.05137757211923599
1676,0.13376130163669586
1677,0.1763361245393753
1678,0.08010233938694
1679,0.2477240413427353
1680,-0.010568908415734768
1681,0.024062223732471466
1682,0.07640821486711502
1683,0.00011145853932248428
1684,0.1924723982810974
1685,0.13322216272354126
1686,0.18637928366661072
1687,-0.052051741629838943
1688,-0.06038755178451538
1689,-0.03901280462741852
1690,0.08254729211330414
1691,0.06584377586841583
1692,-0.037699200212955475
1693,0.14341290295124054
1694,-0.14943189918994904
1695,-0.038025565445423126
1696,0.10392559319734573
1697,-0.07466501742601395
1698,0.15923073887825012
1699,0.1399180144071579
1700,0.18783874809741974
1701,0.06387905776500702
1702,0.1596546173095703
1703,0.13277912139892578
1704,0.04859965294599533
1705,0.04541124030947685
1706,-0.03679407387971878
1707,-0.032798074185848236
1708,0.16664329171180725
1709,0.10234036296606064
1710,0.13552702963352203
1711,0.10606643557548523
1712,0.128042533993721
1713,-0.09743288904428482
1714,0.1356675773859024
1715,-0.12015645951032639
1716,0.1241915225982666
1717,-0.04978688433766365
1718,0.3999517858028412
1719,0.18012496829032898
1720,0.10110843181610107
1721,-0.012867553159594536
1722,0.16431498527526855
1723,0.1349683552980423
1724,-0.010275470092892647
1725,0.08743200451135635
1726,0.32752177119255066
1727,0.1983450949192047
1728,0.1513829231262207
1729,0.16385237872600555
1730,0.026112141087651253
1731,0.062191516160964966
1732,0.14562059938907623
1733,0.11252167075872421
1734,-0.10758846998214722
1735,0.30686286091804504
1736,0.09730011224746704
1737,-0.02798619493842125
1738,0.3620794415473938
1739,0.014253667555749416
1740,0.11715807765722275
1741,0.30531466007232666
1742,0.11563638597726822
1743,0.08362718671560287
1744,0.32539820671081543
1745,0.1416776478290558
1746,0.1967807114124298
1747,0.0669633001089096
1748,0.08959468454122543
1749,0.3104398250579834
1750,0.20107251405715942
1751,0.15911558270454407
1752,0.2273179590702057
1753,0.06732041388750076
1754,0.1360895186662674
1755,0.16389727592468262
1756,0.34337136149406433
1757,0.2726554870605469
1758,0.13474760949611664
1759,0.14526407420635223
1760,0.04086371511220932
1761,-0.1286637932062149
1762,0.3390314280986786
1763,0.21934165060520172
1764,0.28153830766677856
1765,0.021009646356105804
1766,-0.12978661060333252
1767,0.03509247675538063
1768,0.11511856317520142
1769,-0.09009021520614624
1770,0.346283882856369
1771,0.3111147880554199
1772,-0.0559697225689888
1773,0.14159449934959412
1774,-0.1320590376853943
1775,0.1724068820476532
1776,0.27460891008377075
1777,0.2294483333826065
1778,0.08030491322278976
1779,0.1373492032289505
1780,0.034503646194934845
1781,0.07413525879383087
1782,0.19539155066013336
1783,0.1853329986333847
1784,-0.12046229839324951
1785,0.13182605803012848
1786,0.35975462198257446
1787,0.19366370141506195
1788,0.043440449982881546
1789,0.14322049915790558
1790,0.36010345816612244
1791,0.2378169745206833
1792,0.02952589839696884
1793,-0.08588682115077972
1794,0.06404006481170654
1795,0.1985287219285965
1796,0.12808583676815033
1797,0.14287491142749786
1798,0.30254536867141724
1799,-0.15354321897029877
1800,0.16668540239334106
1801,-0.12238369137048721
1802,-0.103764608502388
1803,0.32035312056541443
1804,-0.04381615296006203
1805,0.27776530385017395
1806,0.3090144097805023
1807,-0.03557267040014267
1808,0.1072448343038559
1809,-0.015700744464993477
1810,0.20467014610767365
1811,0.1571057289838791
1812,0.19654704630374908
1813,-0.11213704943656921
1814,-0.05913674831390381
1815,-0.10107823461294174
1816,0.09039933979511261
1817,-0.040042199194431305
1818,0.11980900168418884
1819,0.19989781081676483
1820,0.19789549708366394
1821,0.1574697494506836
1822,-0.03983229026198387
1823,0.08785325288772583
1824,0.01336733903735876
1825,-0.09179630130529404
1826,0.08806551247835159
1827,0.06121094152331352
1828,-0.013104591518640518
1829,0.22353285551071167
1830,0.010269997641444206
1831,-0.14190824329853058
1832,0.15565542876720428
1833,0.1842077523469925
1834,0.09884466975927353
1835,0.06422461569309235
1836,0.2786300480365753
1837,0.08502345532178879
1838,-0.06393008679151535
1839,0.15503890812397003
1840,0.15152621269226074
1841,0.2942502498626709
1842,0.25181636214256287
1843,0.1726030856370926
1844,0.057987138628959656
1845,-0.0008939597755670547
1846,-0.020375175401568413
1847,0.14831365644931793
1848,0.18071125447750092
1849,0.32996922731399536
1850,0.0710560753941536
1851,0.2742222845554352
1852,0.11742612719535828
1853,0.09492392838001251
1854,-0.11728485673666
1855,0.2940656542778015
1856,0.14805717766284943
1857,0.00647644093260169
1858,0.10568615049123764
1859,-0.15531529486179352
1860,0.14850150048732758
1861,-0.020779967308044434
1862,0.1600704789161682
1863,0.22946900129318237
1864,-0.032649170607328415
1865,-0.12720781564712524
1866,0.14403946697711945
1867,0.317351758480072
1868,-0.051600247621536255
1869,0.10789669305086136
1870,0.2865755259990692
1871,0.016957169398665428
1872,0.2595692276954651
1873,0.2230401486158371
1874,0.23994304239749908
1875,0.1157551184296608
1876,0.29232028126716614
1877,0.14217792451381683
1878,0.13995544612407684
1879,0.09185853600502014
1880,-0.042876191437244415
1881,0.22221359610557556
1882,0.07077313214540482
1883,0.022124577313661575
1884,0.18220803141593933
1885,0.16615505516529083
1886,0.29091721773147583
1887,0.3047785758972168
1888,0.19660083949565887
1889,-0.07789262384176254
1890,0.02252350188791752
1891,0.2825693190097809
1892,0.06481010466814041
1893,0.19196832180023193
1894,0.29476550221443176
1895,0.02922159992158413
1896,0.16519613564014435
1897,-0.10132521390914917
1898,0.07113871723413467
1899,0.3368239402770996
1900,0.11549067497253418
1901,0.15137605369091034
1902,0.22071999311447144
1903,0.1512259989976883
1904,0.1989925056695938
1905,0.13908018171787262
1906,-0.0003014033427461982
1907,0.2835584282875061
1908,0.2488803267478943
1909,0.17962060868740082
1910,0.14881369471549988
1911,-0.07206059992313385
1912,0.13440467417240143
1913,0.3041592240333557
1914,0.021718230098485947
1915,0.18926043808460236
1916,0.18899384140968323
1917,0.027728533372282982
1918,0.22591327130794525
1919,0.07229605317115784
1920,0.20961704850196838
1921,-0.13870969414710999
1922,0.1043655201792717
1923,0.0006795880035497248
1924,0.12154664844274521
1925,0.173378586769104
1926,-0.0010053362930193543
1927,0.06788626313209534
1928,0.1632842719554901
1929,0.3167193531990051
1930,-0.1096879243850708
1931,0.10467807203531265
1932,0.10686732828617096
1933,0.38186946511268616
1934,0.2022750824689865
1935,0.17725642025470734
1936,0.08410561829805374
1937,0.09463876485824585
1938,0.30111390352249146
1939,-0.14212867617607117
1940,0.3547403812408447
1941,0.07057252526283264
1942,0.19437381625175476
1943,0.09564632922410965
1944,0.11805495619773865
1945,-0.14764870703220367
1946,0.18571513891220093
1947,0.27517542243003845
1948,0.07362204790115356
1949,0.10171366482973099
1950,-0.1505485624074936
1951,0.15508507192134857
1952,0.10645560175180435
1953,0.13730639219284058
1954,0.1846848428249359
1955,0.032196369022130966
1956,0.15470562875270844
1957,0.08108268678188324
1958,0.27764755487442017
1959,0.10374142229557037
1960,0.3222722113132477
1961,0.2021665722131729
1962,0.3495709002017975
1963,0.18313656747341156
1964,0.12518666684627533
1965,0.11471253633499146
1966,0.10856741666793823
1967,0.17360928654670715
1968,0.030239757150411606
1969,0.12302163243293762
1970,0.0825624093413353
1971,0.032632146030664444
1972,-0.03761657699942589
1973,0.2984473705291748
1974,0.193542942404747
1975,0.19044873118400574
1976,-0.10008914768695831
1977,0.29106417298316956
1978,0.13204358518123627
1979,0.073214091360569
1980,0.10517819970846176
1981,0.05559587478637695
1982,0.10004425793886185
1983,0.18906041979789734
1984,0.14565427601337433
1985,0.17059239745140076
1986,0.22940732538700104
1987,0.12892501056194305
1988,-0.10776210576295853
1989,0.1288047730922699
1990,0.18237221240997314
1991,0.23602542281150818
1992,-0.00907969381660223
1993,0.017524126917123795
1994,0.35141515731811523
1995,0.1750950664281845
1996,-0.033321358263492584
1997,0.06182388961315155
1998,0.01629864051938057
1999,0.17255821824073792
2000,0.25761669874191284
2001,0.2608951926231384
2002,0.2082337886095047
2003,0.1716328263282776
2004,0.05121062323451042
2005,0.32873624563217163
2006,0.10388442873954773
2007,0.3537237346172333
2008,0.30026882886886597
2009,0.29168254137039185
2010,0.2158069908618927
2011,0.11227817088365555
2012,-0.04523283615708351
2013,0.19864431023597717
2014,0.2771493196487427
2015,0.3891119062900543
2016,0.2924771010875702
2017,0.10774911940097809
2018,0.13513705134391785
2019,0.14079782366752625
2020,-0.10464784502983093
2021,0.17778845131397247
2022,0.1399802267551422
2023,0.2600772976875305
2024,0.20170295238494873
2025,0.306347519159317
2026,0.06941031664609909
2027,0.12562265992164612
2028,0.0652153342962265
2029,-0.03525467962026596
2030,0.17954562604427338
2031,0.19813641905784607
2032,0.31040897965431213
2033,0.13291138410568237
2034,0.3483756184577942
2035,0.340738445520401
2036,0.22379806637763977
2037,0.11962096393108368
2038,0.013748055323958397
2039,0.3251650929450989
2040,0.21075944602489471
2041,0.044372279196977615
2042,0.0875609964132309
2043,0.16091938316822052
2044,-0.013598620891571045
2045,0.0817139595746994
2046,-0.034544650465250015
2047,0.19200372695922852
2048,-0.03201966732740402
2049,0.2741728127002716
2050,0.32259729504585266
2051,0.15831708908081055
2052,0.17114761471748352
2053,0.12303609400987625
2054,0.004683094099164009
2055,0.16205275058746338
2056,0.21147966384887695
2057,0.338889479637146
2058,-0.09556880593299866
2059,0.09047920256853104
2060,0.29773053526878357
2061,0.20693586766719818
2062,-0.05385417118668556
2063,0.127017080783844
2064,0.3640579581260681
2065,0.06325501203536987
2066,0.2853015959262848
2067,0.2836863398551941
2068,0.04317065328359604
2069,0.022003795951604843
2070,-0.008884221315383911
2071,0.32280176877975464
2072,0.024799609556794167
2073,0.31947556138038635
2074,0.17842566967010498
2075,0.4488266706466675
2076,0.3174578547477722
2077,0.0045314752496778965
2078,0.09059334546327591
2079,0.07783553749322891
2080,0.010498996824026108
2081,-0.022732965648174286
2082,0.027445629239082336
2083,0.04818576201796532
2084,0.12033160775899887
2085,0.18791945278644562
2086,0.12699607014656067
2087,-0.04889136552810669
2088,0.2725514769554138
2089,-0.0053992136381566525
2090,0.17862001061439514
2091,0.2999352812767029
2092,0.3248608112335205
2093,0.1320943832397461
2094,0.17883116006851196
2095,0.029565008357167244
2096,-0.004946092609316111
2097,0.2831800878047943
2098,0.1497020721435547
2099,-0.11392262578010559
2100,0.10233942419290543
2101,0.20647233724594116
2102,0.3177541196346283
2103,0.18019798398017883
2104,0.2956245541572571
2105,-0.05397718772292137
2106,0.1885104775428772
2107,0.19285798072814941
2108,0.19332101941108704
2109,-0.09004008024930954
2110,0.03360999375581741
2111,0.15478570759296417
2112,0.1331883668899536
2113,0.146416574716568
2114,0.033370476216077805
2115,0.07117868214845657
2116,0.22337017953395844
2117,0.14962781965732574
2118,0.27924075722694397
2119,0.22054444253444672
2120,0.05442434921860695
2121,0.14700834453105927
2122,0.13929112255573273
2123,0.10155820101499557
2124,0.10356715321540833
2125,-0.007382854353636503
2126,0.1457143872976303
2127,0.13021184504032135
2128,0.09759469330310822
2129,0.19007882475852966
2130,0.2294149249792099
2131,0.05616911128163338
2132,0.21590125560760498
2133,0.08528345823287964
2134,-0.020561596378684044
2135,0.11755617707967758
2136,0.09332539141178131
2137,0.21225890517234802
2138,0.21180279552936554
2139,0.26100361347198486
2140,0.2823793590068817
2141,0.21088069677352905
2142,-0.06495620310306549
2143,0.17263735830783844
2144,0.07099615782499313
2145,-0.05711042881011963
2146,0.18916042149066925
2147,-0.037983451038599014
2148,0.14477485418319702
2149,0.18665896356105804
2150,-0.12039564549922943
2151,0.3157578408718109
2152,0.08383873105049133
2153,0.1737051159143448
2154,0.24911421537399292
2155,0.17355678975582123
2156,0.15002092719078064
2157,0.08377373218536377
2158,0.33854568004608154
2159,0.1433960348367691
2160,0.09746109694242477
2161,0.09488318115472794
2162,0.29297909140586853
2163,0.14503775537014008
2164,0.21148550510406494
2165,0.3156675398349762
2166,-0.08275087922811508
2167,0.17375548183918
2168,0.14640896022319794
2169,0.2025960385799408
2170,0.24810606241226196
2171,0.18867045640945435
2172,0.06859028339385986
2173,0.0748404860496521
2174,0.03266249597072601
2175,0.2573513984680176
2176,0.20423606038093567
2177,0.07195892184972763
2178,0.36351221799850464
2179,-0.11942782998085022
2180,0.1991756707429886
2181,0.1873520165681839
2182,0.0957334116101265
2183,0.30918779969215393
2184,0.2920517921447754
2185,0.1655552238225937
2186,0.1485009640455246
2187,0.16877000033855438
2188,0.039178673177957535
2189,0.03926747664809227
2190,0.08960966020822525
2191,0.23990598320960999
2192,0.3280307352542877
2193,0.30956339836120605
2194,0.1426921784877777
2195,0.05446501076221466
2196,-0.10593155026435852
2197,-0.027189021930098534
2198,0.11504928767681122
2199,0.21094189584255219
2200,0.15642300248146057
2201,0.08225870877504349
2202,0.0018812579801306129
2203,0.23039914667606354
2204,0.08469534665346146
2205,0.12406616657972336
2206,0.18444114923477173
2207,-0.13299709558486938
2208,0.17869581282138824
2209,0.2985672354698181
2210,0.18411092460155487
2211,0.048094507306814194
2212,-0.16723592579364777
2213,0.05775295943021774
2214,0.1259707808494568
2215,-0.09594552218914032
2216,0.29695427417755127
2217,0.13165855407714844
2218,-0.06519434601068497
2219,0.22390303015708923
2220,0.22816042602062225
2221,-0.11712927371263504
2222,0.09085636585950851
2223,0.03998013958334923
2224,0.18543267250061035
2225,0.06007496640086174
2226,0.18613013625144958
2227,0.07839445769786835
2228,0.09895875304937363
2229,0.26554760336875916
2230,-0.05224792659282684
2231,-0.08976802974939346
2232,0.06583423912525177
2233,0.23953719437122345
2234,0.11977382749319077
2235,0.1814650446176529
2236,0.2847440242767334
2237,0.03090137243270874
2238,0.06365011632442474
2239,0.03221618011593819
2240,0.17370986938476562
2241,0.015180756337940693
2242,0.09506213665008545
2243,0.17896968126296997
2244,0.13237573206424713
2245,0.20724989473819733
2246,0.17497096955776215
2247,0.18264378607273102
2248,0.08700861781835556
2249,-0.015189661644399166
2250,0.20111259818077087
2251,0.32076284289360046
2252,0.08181679248809814
2253,0.15001636743545532
2254,0.12180107831954956
2255,0.20275947451591492
2256,0.3600133955478668
2257,0.10750729590654373
2258,0.11755281686782837
2259,0.1315811723470688
2260,0.16174739599227905
2261,0.14968419075012207
2262,0.032811276614665985
2263,0.19057078659534454
2264,0.32065632939338684
2265,0.14738522469997406
2266,0.0917530506849289
2267,0.2009698748588562
2268,-0.032384369522333145
2269,0.4080261290073395
2270,0.1362389475107193
2271,0.06268681585788727
2272,0.26877057552337646
2273,-0.013645773753523827
2274,0.05246983841061592
2275,-0.04471096768975258
2276,0.20339909195899963
2277,0.08893903344869614
2278,0.3346123993396759
2279,0.28123533725738525
2280,0.1571112871170044
2281,0.21185711026191711
2282,0.1725764125585556
2283,0.11065533757209778
2284,0.2905730903148651
2285,0.07473877817392349
2286,0.0644698217511177
2287,0.32725033164024353
2288,-0.014876185916364193
2289,0.19100332260131836
2290,0.059101518243551254
2291,0.12161897122859955
2292,-0.007040590513497591
2293,0.09825199097394943
2294,0.26077505946159363
2295,0.00573424156755209
2296,0.2922194302082062
2297,0.1936512440443039
2298,0.19505241513252258
2299,0.1376992166042328
2300,0.17724035680294037
2301,0.11086329817771912
2302,-0.018007434904575348
2303,0.32048478722572327
2304,0.0381954051554203
2305,0.059267446398735046
2306,-0.0447874441742897
2307,0.36332523822784424
2308,0.12125536799430847
2309,0.10712607949972153
2310,0.028940251097083092
2311,-0.09971457719802856
2312,0.04056253656744957
2313,0.2594633102416992
2314,0.15761646628379822
2315,0.19088274240493774
2316,0.19923469424247742
2317,0.09309195727109909
2318,-0.01007305271923542
2319,0.23433420062065125
2320,0.02822413295507431
2321,0.09472460299730301
2322,0.030235832557082176
2323,0.2103913277387619
2324,0.1145644411444664
2325,-0.13029365241527557
2326,0.23324987292289734
2327,0.18483640253543854
2328,0.08895238488912582
2329,0.35665664076805115
2330,0.011140421032905579
2331,0.09095542877912521
2332,0.3542254567146301
2333,0.16345135867595673
2334,0.2993465065956116
2335,0.061472173780202866
2336,0.20483960211277008
2337,0.11515514552593231
2338,0.2547997832298279
2339,0.06988661736249924
2340,0.15497076511383057
2341,-0.07421907037496567
2342,0.18647782504558563
2343,-0.04592380300164223
2344,0.0729798674583435
2345,0.2927015423774719
2346,0.24421603977680206
2347,0.21588817238807678
2348,0.3025267422199249
2349,0.14584174752235413
2350,0.10766288638114929
2351,0.19886541366577148
2352,-0.026989394798874855
2353,0.3021405041217804
2354,0.07098326832056046
2355,-0.025463875383138657
2356,0.025788430124521255
2357,0.03446736931800842
2358,0.16643263399600983
2359,0.2062627226114273
2360,0.1243290901184082
2361,-0.08189897984266281
2362,0.3303821384906769
2363,0.24143913388252258
2364,0.31262823939323425
2365,0.1304670125246048
2366,0.023009782657027245
2367,0.38351210951805115
2368,0.018525008112192154
2369,0.12681111693382263
2370,0.2866397202014923
2371,-0.0862908735871315
2372,0.2097618132829666
2373,0.20113427937030792
2374,0.08244342356920242
2375,0.1400616466999054
2376,0.1410594880580902
2377,0.04818354547023773
2378,0.04759475216269493
2379,0.19535048305988312
2380,0.31260719895362854
2381,0.28479111194610596
2382,0.35499075055122375
2383,-0.07567752152681351
2384,0.11539574712514877
2385,0.15163981914520264
2386,0.21318118274211884
2387,-0.011826879344880581
2388,0.04676608741283417
2389,0.022278711199760437
2390,0.24430280923843384
2391,0.37860116362571716
2392,0.024789560586214066
2393,0.2058776617050171
2394,-0.052336204797029495
2395,0.12939047813415527
2396,0.22028742730617523
2397,0.1785687953233719
2398,0.19741997122764587
2399,0.0381527878344059
2400,0.31126487255096436
2401,0.20680104196071625
2402,-0.10010302811861038
2403,0.28729432821273804
2404,0.12962892651557922
2405,0.029011080041527748
2406,0.1350773274898529
2407,0.1784874051809311
2408,0.10300468653440475
2409,0.04934610053896904
2410,0.29010945558547974
2411,0.1765301674604416
2412,-0.027332503348588943
2413,0.24199913442134857
2414,0.37206801772117615
2415,0.15694193542003632
2416,0.20096658170223236
2417,0.08244077861309052
2418,0.09297335147857666
2419,-0.058426883071660995
2420,0.24317067861557007
2421,0.10910537838935852
2422,0.27471527457237244
2423,0.20271843671798706
2424,0.12931594252586365
2425,0.36467474699020386
2426,0.15908488631248474
2427,0.2579454183578491
2428,0.15847237408161163
2429,-0.006931737065315247
2430,0.21613679826259613
2431,-0.03556200861930847
2432,0.19839651882648468
2433,0.12592244148254395
2434,0.0047581810504198074
2435,0.19069227576255798
2436,0.18579447269439697
2437,0.13809050619602203
2438,-0.12925295531749725
2439,-0.03999632969498634
2440,0.08677543699741364
2441,0.2139171063899994
2442,0.15865731239318848
2443,0.11266008019447327
2444,0.20566986501216888
2445,0.25166943669319153
2446,0.11949217319488525
2447,0.2664162516593933
2448,0.11580512672662735
2449,-0.02452005259692669
2450,0.07210541516542435
2451,0.16321074962615967
2452,0.07912713289260864
2453,0.05530728027224541
2454,0.25624704360961914
2455,0.3156032860279083
2456,0.32273152470588684
2457,0.2924000322818756
2458,0.07503234595060349
2459,-0.10982151329517365
2460,0.38627442717552185
2461,0.055230140686035156
2462,0.3744507431983948
2463,0.31108662486076355
2464,0.1849866658449173
2465,0.05401869863271713
2466,-0.11302614957094193
2467,0.19553187489509583
2468,-0.07492967694997787
2469,0.10419335961341858
2470,-0.0285482220351696
2471,0.31934210658073425
2472,0.2081582099199295
2473,0.1761200726032257
2474,0.2791443169116974
2475,0.06314929574728012
2476,0.0478665754199028
2477,0.2849297523498535
2478,-0.05395529419183731
2479,0.08979135751724243
2480,0.12036513537168503
2481,0.36800333857536316
2482,0.2786248028278351
2483,0.16096538305282593
2484,-0.0143605200573802
2485,0.3330732583999634
2486,0.31412261724472046
2487,0.18443982303142548
2488,0.1933414489030838
2489,0.23973014950752258
2490,0.08365852385759354
2491,0.1961786448955536
2492,0.12084882706403732
2493,-0.11026643216609955
2494,-0.1113431379199028
2495,0.30075427889823914
2496,0.3817249834537506
2497,0.2584856152534485
2498,0.05076659098267555
2499,0.359519362449646
2500,0.16420628130435944
2501,0.18853572010993958
2502,0.11843106895685196
2503,0.30656638741493225
2504,-0.10826575011014938
2505,0.34576839208602905
2506,0.3443569839000702
2507,0.3924613893032074
2508,0.1339428573846817
2509,0.16572542488574982
2510,0.07550973445177078
2511,0.17224588990211487
2512,0.28266942501068115
2513,0.2209380716085434
2514,0.36566126346588135
2515,0.14643479883670807
2516,0.304971843957901
2517,0.06804371625185013
2518,0.067254438996315
2519,0.36749348044395447
2520,0.3181113004684448
2521,-0.10443052649497986
2522,0.20305854082107544
2523,0.36030814051628113
2524,-0.08112692832946777
2525,0.1914013922214508
2526,0.3081527352333069
2527,0.2036694586277008
2528,0.07499834895133972
2529,0.029873058199882507
2530,0.1943608820438385
2531,0.016153723001480103
2532,0.15057513117790222
2533,0.3299162685871124
2534,0.10766005516052246
2535,0.017315182834863663
2536,0.1719689667224884
2537,-0.12077892571687698
2538,0.1805187314748764
2539,-0.05428636446595192
2540,0.004848965909332037
2541,0.3355526030063629
2542,0.12185173481702805
2543,0.39382705092430115
2544,0.08853601664304733
2545,0.15914306044578552
2546,-0.0966593325138092
2547,0.17076042294502258
2548,0.13963034749031067
2549,0.16998162865638733
2550,0.17494015395641327
2551,0.2352442741394043
2552,0.05404685065150261
2553,0.3716854155063629
2554,0.042384758591651917
2555,0.208933487534523
2556,0.029888058081269264
2557,0.004477393347769976
2558,0.10009986907243729
2559,0.06995939463376999
2560,0.19784018397331238
2561,0.18798573315143585
2562,0.18864117562770844
2563,0.25503790378570557
2564,0.21577192842960358
2565,0.1451238989830017
2566,0.0682477355003357
2567,0.07001497596502304
2568,0.18195894360542297
2569,-0.0739656537771225
2570,0.07277524471282959
2571,0.07935536652803421
2572,0.062348999083042145
2573,-0.01638912782073021
2574,0.18669217824935913
2575,0.34283825755119324
2576,0.16237549483776093
2577,-0.06810817867517471
2578,0.292805939912796
2579,0.07382889837026596
2580,0.1361401230096817
2581,0.1237744688987732
2582,0.05284620821475983
2583,0.04837959632277489
2584,0.14869017899036407
2585,0.2064589411020279
2586,0.30441197752952576
2587,0.222855806350708
2588,0.18516957759857178
2589,0.004975684452801943
2590,0.06970854103565216
2591,-0.03209212049841881
2592,-0.19611535966396332
2593,0.09829161316156387
2594,0.3516250550746918
2595,0.03604142367839813
2596,0.1778336763381958
2597,0.23131822049617767
2598,0.312468945980072
2599,0.05318301543593407
2600,0.07876314967870712
2601,-0.0756441205739975
2602,-0.002258661203086376
2603,0.09039400517940521
2604,-0.01947217620909214
2605,0.2838486433029175
2606,0.18489332497119904
2607,0.16068442165851593
2608,-0.013761850073933601
2609,0.21523351967334747
2610,-0.022063976153731346
2611,-0.09243539720773697
2612,0.297023743391037
2613,0.29797062277793884
2614,0.32958176732063293
2615,0.2476729452610016
2616,0.23227062821388245
2617,0.3143841624259949
2618,0.30158931016921997
2619,0.2012360543012619
2620,0.32726776599884033
2621,0.1467936486005783
2622,0.2363484650850296
2623,0.20053616166114807
2624,0.2700866460800171
2625,0.18234793841838837
2626,0.05176631361246109
2627,0.0479247085750103
2628,0.36477145552635193
2629,0.1731364130973816
2630,0.03813247010111809
2631,0.37589338421821594
2632,0.35301700234413147
2633,0.1538626104593277
2634,0.2198544144630432
2635,0.029913729056715965
2636,0.15364950895309448
2637,0.30193811655044556
2638,0.18331913650035858
2639,0.15458892285823822
2640,0.3440811336040497
2641,0.18318140506744385
2642,0.25749891996383667
2643,0.2925809621810913
2644,0.17304542660713196
2645,0.36355283856391907
2646,0.0852455422282219
2647,0.17640462517738342
2648,0.1955680251121521
2649,0.11156342178583145
2650,0.015471239574253559
2651,-0.054859086871147156
2652,-0.005389393772929907
2653,0.19593782722949982
2654,0.06961420178413391
2655,0.18556176126003265
2656,0.19714517891407013
2657,0.08321321755647659
2658,0.026708682999014854
2659,0.34195756912231445
2660,0.20476385951042175
2661,0.07968064397573471
2662,0.223036527633667
2663,0.10178039222955704
2664,-0.023750072345137596
2665,0.20571084320545197
2666,0.21070843935012817
2667,-0.12570837140083313
2668,0.12852299213409424
2669,-0.054332051426172256
2670,0.08116336166858673
2671,0.11235814541578293
2672,0.20954549312591553
2673,0.1145269125699997
2674,0.19172269105911255
2675,0.15951885282993317
2676,0.2798042893409729
2677,0.25615736842155457
2678,0.020031485706567764
2679,0.16844865679740906
2680,0.16036275029182434
2681,0.33831071853637695
2682,0.20066483318805695
2683,0.2751094102859497
2684,0.14303907752037048
2685,-0.16760936379432678
2686,-0.05315236747264862
2687,0.07605301588773727
2688,0.3265465795993805
2689,0.18680714070796967
2690,0.3927902281284332
2691,0.28467997908592224
2692,0.18389587104320526
2693,0.028380850329995155
2694,-0.018005387857556343
2695,0.007562618236988783
2696,0.16782860457897186
2697,0.08717254549264908
2698,0.2955651879310608
2699,0.2421857714653015
2700,0.1651863157749176
2701,0.06298067420721054
2702,0.19794702529907227
2703,0.29401838779449463
2704,0.05222582817077637
2705,0.2671780288219452
2706,0.2093239277601242
2707,0.12450671941041946
2708,0.10928857326507568
2709,0.35608235001564026
2710,0.1213018000125885
2711,0.16184400022029877
2712,0.21065500378608704
2713,0.208058163523674
2714,0.22146004438400269
2715,0.3088670074939728
2716,0.12469182908535004
2717,0.21748554706573486
2718,0.3255518078804016
2719,-0.08582983911037445
2720,-0.08872304111719131
2721,0.018765946850180626
2722,0.07381575554609299
2723,-0.02769632823765278
2724,-0.12065383046865463
2725,0.26527315378189087
2726,0.33280766010284424
2727,0.10595615953207016
2728,-0.18369369208812714
2729,0.25317496061325073
2730,0.29060783982276917
2731,0.09412436932325363
2732,0.041473329067230225
2733,0.08498591929674149
2734,0.10481023043394089
2735,0.1877157986164093
2736,-0.04299468547105789
2737,0.054938722401857376
2738,0.3914317488670349
2739,0.16284197568893433
2740,0.1060328409075737
2741,0.385878324508667
2742,0.057912688702344894
2743,0.16819332540035248
2744,0.1598999798297882
2745,0.09933333843946457
2746,0.20431631803512573
2747,0.1896079033613205
2748,0.0018163550412282348
2749,0.021934203803539276
2750,0.32164233922958374
2751,0.21670027077198029
2752,0.19402654469013214
2753,0.06942540407180786
2754,0.09528842568397522
2755,0.10216398537158966
2756,-0.030041605234146118
2757,0.0915081575512886
2758,0.04237303137779236
2759,0.21718154847621918
2760,-0.1350477784872055
2761,0.02612295374274254
2762,0.171232208609581
2763,0.18052606284618378
2764,0.33488234877586365
2765,0.3507460355758667
2766,0.340442419052124
2767,0.15553587675094604
2768,0.2881125807762146
2769,0.09678976237773895
2770,0.21196860074996948
2771,0.17470771074295044
2772,0.06081617251038551
2773,0.1590581238269806
2774,-0.12729263305664062
2775,0.10573403537273407
2776,-0.0958985686302185
2777,0.15648137032985687
2778,0.23314373195171356
2779,-0.005662726238369942
2780,0.3416301906108856
2781,0.028753157705068588
2782,0.1762237250804901
2783,0.15788568556308746
2784,0.21346938610076904
2785,-0.017417442053556442
2786,0.21890637278556824
2787,0.14013633131980896
2788,-0.0856703668832779
2789,0.0012574954889714718
2790,0.3523303270339966
2791,-0.07823648303747177
2792,0.29353517293930054
2793,0.007606774568557739
2794,0.07282869517803192
2795,0.2598626911640167
2796,0.11902305483818054
2797,0.26477065682411194
2798,0.11309950053691864
2799,-0.047311630100011826
2800,0.04860551282763481
2801,0.21737925708293915
2802,0.09230487048625946
2803,-0.028119642287492752
2804,-0.06021859869360924
2805,0.1868179887533188
2806,0.2789260149002075
2807,-0.09434780478477478
2808,0.31411558389663696
2809,0.03596080094575882
2810,0.1093292087316513
2811,0.16100871562957764
2812,0.07790245115756989
2813,0.38276413083076477
2814,0.32452085614204407
2815,0.41243287920951843
2816,0.1281534880399704
2817,0.18136604130268097
2818,0.003828692715615034
2819,0.21720990538597107
2820,0.21255533397197723
2821,0.03845633938908577
2822,0.23118142783641815
2823,0.047800276428461075
2824,0.13611197471618652
2825,0.17752814292907715
2826,0.18430522084236145
2827,0.3561858534812927
2828,0.27047842741012573
2829,0.12936319410800934
2830,0.12373236566781998
2831,-0.023104848340153694
2832,0.2714518904685974
2833,0.19187040627002716
2834,0.12268713861703873
2835,0.19287554919719696
2836,0.08672494441270828
2837,0.20915739238262177
2838,0.135819211602211
2839,0.05124298855662346
2840,0.16470956802368164
2841,0.14722664654254913
2842,-0.034514233469963074
2843,0.18367153406143188
2844,0.22058607637882233
2845,0.1434965878725052
2846,0.11454625427722931
2847,0.014066114090383053
2848,0.1569158285856247
2849,-0.017620494589209557
2850,0.11153429746627808
2851,0.3054380416870117
2852,0.1966901421546936
2853,0.16669346392154694
2854,0.3325464427471161
2855,0.24702215194702148
2856,0.2925610840320587
2857,0.08501410484313965
2858,0.15259750187397003
2859,0.2811594605445862
2860,0.23724709451198578
2861,0.06427346915006638
2862,0.3007524907588959
2863,0.34169891476631165
2864,0.16883735358715057
2865,0.14033256471157074
2866,0.24993358552455902
2867,0.20677395164966583
2868,0.17611965537071228
2869,0.10828237235546112
2870,0.08965172618627548
2871,0.1270148605108261
2872,0.23311401903629303
2873,0.11759378761053085
2874,-0.025512712076306343
2875,0.0689651146531105
2876,-0.12613224983215332
2877,0.19910620152950287
2878,-0.006427616346627474
2879,0.19198043644428253
2880,0.3190798759460449
2881,0.08713628351688385
2882,0.3976270258426666
2883,0.28371554613113403
2884,0.28383153676986694
2885,0.17584459483623505
2886,0.21719416975975037
2887,0.13206954300403595
2888,0.15446768701076508
2889,0.2785300016403198
2890,0.19410347938537598
2891,-0.12180836498737335
2892,0.09358113259077072
2893,0.3081808388233185
2894,-0.04285385087132454
2895,0.12442199140787125
2896,0.15989603102207184
2897,0.20627637207508087
2898,0.19216719269752502
2899,-0.08599264174699783
2900,0.007458194624632597
2901,0.16384312510490417
2902,0.31640830636024475
2903,0.0734390988945961
2904,0.027675021439790726
2905,0.19350644946098328
2906,-0.10193091630935669
2907,0.18381601572036743
2908,0.07587698847055435
2909,-0.015646010637283325
2910,0.22994853556156158
2911,0.24046462774276733
2912,0.18486672639846802
2913,-0.09675233066082001
2914,-0.027229618281126022
2915,0.10686255246400833
2916,0.14469365775585175
2917,0.08071243017911911
2918,0.009815424680709839
2919,0.31328752636909485
2920,0.2597297430038452
2921,0.14364956319332123
2922,0.3557571768760681
2923,0.34732553362846375
2924,0.11855020374059677
2925,0.17988701164722443
2926,0.24719224870204926
2927,0.20198050141334534
2928,-0.023564187809824944
2929,-0.06720731407403946
2930,0.11680688709020615
2931,0.23083023726940155
2932,0.2998155355453491
2933,0.16732336580753326
2934,0.14943578839302063
2935,0.11014889925718307
2936,0.3528629243373871
2937,0.028499489650130272
2938,-0.032206855714321136
2939,0.03197497874498367
2940,0.14329926669597626
2941,0.08943182229995728
2942,0.18560448288917542
2943,0.16049352288246155
2944,0.22784602642059326
2945,0.20725858211517334
2946,0.04137877747416496
2947,0.08428286015987396
2948,0.17087657749652863
2949,0.021182958036661148
2950,0.1441149264574051
2951,0.2403288334608078
2952,0.3838806450366974
2953,0.08363620191812515
2954,-0.02005414105951786
2955,0.35685473680496216
2956,0.03832768648862839
2957,0.27447280287742615
2958,0.38093581795692444
2959,0.20049698650836945
2960,0.21434567868709564
2961,0.1907729208469391
2962,0.20245356857776642
2963,0.040190666913986206
2964,0.08550106734037399
2965,0.04456912353634834
2966,0.20690113306045532
2967,0.18795321881771088
2968,0.14414222538471222
2969,0.2772628366947174
2970,-0.08292367309331894
2971,0.15371862053871155
2972,0.21413810551166534
2973,0.3557418882846832
2974,0.30862435698509216
2975,0.24150708317756653
2976,-0.05592605471611023
2977,0.367927223443985
2978,-0.03384624421596527
2979,0.09172934293746948
2980,0.12373779714107513
2981,0.1622552126646042
2982,0.1588982790708542
2983,0.3060210049152374
2984,0.1083298847079277
2985,0.37458884716033936
2986,0.1474241465330124
2987,0.31598028540611267
2988,0.17227932810783386
2989,0.2722536027431488
2990,0.03710761293768883
2991,-0.13922834396362305
2992,0.09295957535505295
2993,0.08715319633483887
2994,0.04848476126790047
2995,0.1997867226600647
2996,-0.08711151033639908
2997,0.11571131646633148
2998,-0.05804188922047615
2999,0.20657700300216675
3000,0.1711324006319046
3001,0.3533441722393036
3002,0.34093090891838074
3003,0.37904033064842224
3004,0.13096867501735687
3005,-0.1146232858300209
3006,0.08158038556575775
3007,0.16706471145153046
3008,-0.0663481056690216
3009,0.17231795191764832
3010,0.08703191578388214
3011,-0.014040794223546982
3012,0.36696434020996094
3013,0.009393047541379929
3014,0.14240895211696625
3015,0.04632314294576645
3016,0.05435217544436455
3017,0.24147120118141174
3018,0.21625067293643951
3019,0.09800468385219574
3020,0.06428596377372742
3021,0.3323535919189453
3022,0.3247821033000946
3023,0.0803861990571022
3024,-0.028663884848356247
3025,0.08991630375385284
3026,0.33024436235427856
3027,0.022768534719944
3028,0.0259667057543993
3029,0.22925002872943878
3030,0.42007318139076233
3031,0.3453245162963867
3032,0.48188453912734985
3033,0.29320311546325684
3034,-0.015046710148453712
3035,0.154021754860878
3036,0.1876707673072815
3037,0.18927662074565887
3038,0.20909038186073303
3039,0.13634957373142242
3040,0.06452157348394394
3041,0.1706116497516632
3042,0.05699165165424347
3043,0.11557125300168991
3044,0.315752238035202
3045,0.08628419041633606
3046,0.33504122495651245
3047,0.3926964998245239
3048,0.20994426310062408
3049,0.2387733906507492
3050,-0.01593266800045967
3051,0.05344756320118904
3052,0.18681901693344116
3053,0.08361085504293442
3054,0.3639873266220093
3055,0.11149261891841888
3056,0.1130000501871109
3057,0.2982204556465149
3058,0.4023247957229614
3059,0.2235274761915207
3060,-0.08254411071538925
3061,0.3293578028678894
3062,0.18979255855083466
3063,0.21617791056632996
3064,0.0726461112499237
3065,0.16690847277641296
3066,0.09986545145511627
3067,0.35033947229385376
3068,0.06747198104858398
3069,0.20656344294548035
3070,-0.0036496238317340612
3071,0.02436317503452301
3072,0.12119751423597336
3073,0.3221704959869385
3074,0.05074797198176384
3075,0.08939673751592636
3076,0.36922863125801086
3077,0.009211554192006588
3078,-0.016984574496746063
3079,0.10441503673791885
3080,0.17740869522094727
3081,0.16329877078533173
3082,0.08279383182525635
3083,0.19953180849552155
3084,0.2997889816761017
3085,-0.037572380155324936
3086,0.00681193545460701
3087,0.06712766736745834
3088,0.20660467445850372
3089,0.002001851098611951
3090,-0.07523981481790543
3091,-0.015025193803012371
3092,0.22020801901817322
3093,0.09977500140666962
3094,0.259281188249588
3095,-0.04037327319383621
3096,0.14501029253005981
3097,0.25352978706359863
3098,0.052330996841192245
3099,0.2619382441043854
3100,0.1783643364906311
3101,0.1830408126115799
3102,-0.050383761525154114
3103,0.021748090162873268
3104,0.07628283649682999
3105,0.17090295255184174
3106,0.15582974255084991
3107,-0.08065462857484818
3108,0.36320760846138
3109,0.2582741975784302
3110,0.2654469311237335
3111,0.16530106961727142
3112,0.13490939140319824
3113,0.3237386643886566
3114,0.21679000556468964
3115,0.05189445987343788
3116,0.3617475628852844
3117,0.012447953224182129
3118,0.35128068923950195
3119,0.2491053193807602
3120,-0.062398578971624374
3121,0.32676929235458374
3122,0.11001520603895187
3123,0.28812089562416077
3124,0.20724770426750183
3125,0.3147456645965576
3126,0.12860271334648132
3127,0.08521270751953125
3128,0.060979925096035004
3129,-0.05840543285012245
3130,0.07749838382005692
3131,0.2760470509529114
3132,0.22874382138252258
3133,0.2841097414493561
3134,0.14600403606891632
3135,0.09976067394018173
3136,0.38083991408348083
3137,0.3539485037326813
3138,0.3283792734146118
3139,0.1130882203578949
3140,0.29711392521858215
3141,0.14834246039390564
3142,-0.010709242895245552
3143,-0.017089370638132095
3144,0.15071812272071838
3145,0.2655339539051056
3146,0.058125175535678864
3147,-0.022154567763209343
3148,0.08045746386051178
3149,0.10195866227149963
3150,0.21281494200229645
3151,0.3639441728591919
3152,-0.0196006391197443
3153,-0.08513406664133072
3154,0.050602950155735016
3155,0.26862385869026184
3156,0.13221071660518646
3157,0.016263730823993683
3158,0.2251335233449936
3159,0.1657894104719162
3160,0.0056551313027739525
3161,0.3061891496181488
3162,0.12099217623472214
3163,0.3360738754272461
3164,0.34068018198013306
3165,0.13646967709064484
3166,0.3634386956691742
3167,0.4280898869037628
3168,0.15398254990577698
3169,0.06434816867113113
3170,0.07369163632392883
3171,-0.11684967577457428
3172,0.20407040417194366
3173,0.028344977647066116
3174,0.014188079163432121
3175,0.03834199160337448
3176,0.11482084542512894
3177,0.056341804563999176
3178,0.05088362097740173
3179,0.1708076000213623
3180,0.2408604770898819
3181,0.1993671953678131
3182,0.07265465706586838
3183,0.19833247363567352
3184,0.04540373384952545
3185,-0.05454206466674805
3186,-0.03938891366124153
3187,-0.08184012025594711
3188,0.225494846701622
3189,0.19365793466567993
3190,0.37178072333335876
3191,0.09746096283197403
3192,0.2179960012435913
3193,0.19043494760990143
3194,0.08981543034315109
3195,0.06794872879981995
3196,0.4130434989929199
3197,0.12942305207252502
3198,-0.04012236371636391
3199,-0.00020386594405863434
3200,0.41299498081207275
3201,0.037293992936611176
3202,0.3676709234714508
3203,0.10958573967218399
3204,0.2668677568435669
3205,0.02739725261926651
3206,0.1435965597629547
3207,-0.045360174030065536
3208,0.036375492811203
3209,0.011991810984909534
3210,0.21617251634597778
3211,0.1987590342760086
3212,0.3844839632511139
3213,-0.13254840672016144
3214,0.15960285067558289
3215,0.1552199125289917
3216,0.07683566212654114
3217,-0.1202269047498703
3218,0.2408260554075241
3219,-0.02012079954147339
3220,0.20029868185520172
3221,0.31489354372024536
3222,0.021341539919376373
3223,0.2625669240951538
3224,0.39590203762054443
3225,0.1585325449705124
3226,0.3485204875469208
3227,0.20238332450389862
3228,0.26701056957244873
3229,0.12096188217401505
3230,0.10815254598855972
3231,0.18865475058555603
3232,0.326058030128479
3233,0.18072697520256042
3234,0.18683484196662903
3235,0.12496424466371536
3236,0.212844118475914
3237,-0.004050023388117552
3238,0.22459612786769867
3239,0.3891667127609253
3240,0.18646582961082458
3241,-0.10603416711091995
3242,0.3318581283092499
3243,0.04452996328473091
3244,0.050893716514110565
3245,0.16920994222164154
3246,0.19030408561229706
3247,0.1655588150024414
3248,0.23765549063682556
3249,0.2649654746055603
3250,0.3892718553543091
3251,0.18607555329799652
3252,0.24846157431602478
3253,0.0077603962272405624
3254,0.027250714600086212
3255,0.1609441339969635
3256,0.013474171049892902
3257,0.0653398409485817
3258,0.040494926273822784
3259,0.1447007954120636
3260,0.22926385700702667
3261,0.1116797924041748
3262,-0.005237307399511337
3263,0.1420273333787918
3264,0.21277615427970886
3265,0.08097940683364868
3266,0.15392296016216278
3267,0.24201343953609467
3268,0.21215064823627472
3269,0.03450333699584007
3270,0.15254570543766022
3271,0.27517709136009216
3272,0.2031232714653015
3273,0.1605919450521469
3274,0.20183731615543365
3275,0.2374403327703476
3276,-0.0713774636387825
3277,0.33273983001708984
3278,0.09678233414888382
3279,0.30129459500312805
3280,0.3544119596481323
3281,0.31974130868911743
3282,0.16403013467788696
3283,0.1625746190547943
3284,0.14243745803833008
3285,0.15908317267894745
3286,0.3217896521091461
3287,0.06621192395687103
3288,0.045015305280685425
3289,0.20836414396762848
3290,-0.028758151456713676
3291,0.20158305764198303
3292,0.18224412202835083
3293,0.01908038556575775
3294,0.14167946577072144
3295,0.3037802278995514
3296,0.07849233597517014
3297,0.08934178203344345
3298,0.11012493073940277
3299,0.2793905436992645
3300,0.07249335944652557
3301,0.151438906788826
3302,0.004374331794679165
3303,0.02913026325404644
3304,0.15315912663936615
3305,0.17838139832019806
3306,0.09654787927865982
3307,0.16748933494091034
3308,0.18301211297512054
3309,0.12564219534397125
3310,-0.0697803720831871
3311,0.1560996174812317
3312,0.37096133828163147
3313,0.15357467532157898
3314,0.06400695443153381
3315,0.025989651679992676
3316,0.12663908302783966
3317,0.16902969777584076
3318,0.007421014830470085
3319,0.13705067336559296
3320,0.3171546459197998
3321,0.20341984927654266
3322,0.05510840192437172
3323,0.18828845024108887
3324,0.0015051448717713356
3325,-0.037240706384181976
3326,0.06354900449514389
3327,0.055680010467767715
3328,-0.02362852171063423
3329,0.2021058052778244
3330,0.09339768439531326
3331,0.12739787995815277
3332,0.07633212208747864
3333,0.07677485793828964
3334,0.0765179991722107
3335,0.1761108636856079
3336,0.318023145198822
3337,0.21296098828315735
3338,0.03924708813428879
3339,0.2916651666164398
3340,0.33014166355133057
3341,0.1812925934791565
3342,0.17245469987392426
3343,-0.14085890352725983
3344,0.2153540849685669
3345,0.20397156476974487
3346,0.4118327498435974
3347,0.01049722358584404
3348,0.11493423581123352
3349,0.284973680973053
3350,0.1925501525402069
3351,0.04238003492355347
3352,0.5152238011360168
3353,0.08611718565225601
3354,-0.03532357141375542
3355,0.05593177676200867
3356,0.058767542243003845
3357,0.3677518665790558
3358,0.08262305706739426
3359,0.052412740886211395
3360,0.14188583195209503
3361,0.019339846447110176
3362,0.4317685663700104
3363,0.1534186154603958
3364,0.12204969674348831
3365,0.1824074387550354
3366,0.31361818313598633
3367,0.05797848850488663
3368,0.1955500841140747
3369,-0.03372495248913765
3370,0.33663421869277954
3371,0.2046205848455429
3372,0.0957706943154335
3373,0.19043253362178802
3374,0.14559528231620789
3375,0.14087289571762085
3376,0.3581317067146301
3377,0.2966984212398529
3378,0.10421858727931976
3379,0.1267300844192505
3380,0.15815000236034393
3381,0.3733692765235901
3382,0.3823772072792053
3383,0.18646132946014404
3384,-0.06482191383838654
3385,0.3815291225910187
3386,0.014430331997573376
3387,0.03462446108460426
3388,0.14748220145702362
3389,0.13518762588500977
3390,0.20955142378807068
3391,-0.17973539233207703
3392,0.3075820803642273
3393,0.37880873680114746
3394,0.2773873209953308
3395,0.23205912113189697
3396,0.01881173998117447
3397,0.0705038383603096
3398,0.17894652485847473
3399,0.06366169452667236
3400,0.17582131922245026
3401,0.2724023163318634
3402,0.15968631207942963
3403,0.013535642065107822
3404,0.10968904197216034
3405,0.2396816462278366
3406,0.24334821105003357
3407,0.5054203271865845
3408,0.2492876648902893
3409,0.15256784856319427
3410,0.03803371265530586
3411,-0.08609630167484283
3412,0.19733567535877228
3413,0.3996818959712982
3414,0.10705558210611343
3415,-0.10148721188306808
3416,0.07295557856559753
3417,0.017294615507125854
3418,0.2183176428079605
3419,0.12241324037313461
3420,0.008591038174927235
3421,0.21133185923099518
3422,0.23238199949264526
3423,0.029657527804374695
3424,0.028972584754228592
3425,0.04974812641739845
3426,0.003297464456409216
3427,0.31647536158561707
3428,0.2076731026172638
3429,-0.044929467141628265
3430,-0.07730234414339066
3431,0.027922404929995537
3432,0.008700287900865078
3433,0.1123858243227005
3434,0.08662358671426773
3435,-0.03731473535299301
3436,0.1631111055612564
3437,0.19518044590950012
3438,0.040956370532512665
3439,0.15824462473392487
3440,0.20621256530284882
3441,0.13694506883621216
3442,0.08350032567977905
3443,-0.06864649802446365
3444,0.11485575139522552
3445,0.23008771240711212
3446,0.17642953991889954
3447,0.19409164786338806
3448,0.21497488021850586
3449,0.19670705497264862
3450,0.3257865905761719
3451,0.1394098997116089
3452,-0.014435161836445332
3453,0.1472375988960266
3454,0.363460898399353
3455,-0.14858196675777435
3456,0.1573161482810974
3457,-0.0020104877185076475
3458,0.06836441159248352
3459,0.11677709221839905
3460,0.11826567351818085
3461,0.22654137015342712
3462,0.07567106187343597
3463,0.3118402361869812
3464,0.23533357679843903
3465,-0.09247415512800217
3466,0.17291942238807678
3467,0.09691371768712997
3468,0.029595205560326576
3469,0.054354749619960785
3470,0.09807005524635315
3471,0.2605133652687073
3472,0.07373928278684616
3473,-0.08585218340158463
3474,0.016176899895071983
3475,0.17584040760993958
3476,0.2182229608297348
3477,0.08586502820253372
3478,0.13079918920993805
3479,0.1396205723285675
3480,0.26905855536460876
3481,0.17312176525592804
3482,-0.0021471683867275715
3483,0.16622664034366608
3484,0.25062623620033264
3485,0.21083326637744904
3486,-0.03176376596093178
3487,0.14301621913909912
3488,0.1649625301361084
3489,0.4028864800930023
3490,0.16656917333602905
3491,0.16780167818069458
3492,0.09850119054317474
3493,0.14295385777950287
3494,0.24588729441165924
3495,0.19275054335594177
3496,0.14389823377132416
3497,0.12847062945365906
3498,0.4149518609046936
3499,0.1326470971107483
3500,0.023731721565127373
3501,0.0921081155538559
3502,0.08016322553157806
3503,0.1983199566602707
3504,0.215045765042305
3505,0.22133825719356537
3506,0.3526434004306793
3507,-0.00950021855533123
3508,-0.0905684381723404
3509,0.17929299175739288
3510,0.011020663194358349
3511,0.23178407549858093
3512,0.3265347182750702
3513,0.3687083125114441
3514,-0.02139000967144966
3515,0.3742952346801758
3516,0.34683847427368164
3517,0.00893357116729021
3518,0.11460817605257034
3519,0.21606837213039398
3520,0.059440337121486664
3521,0.14842161536216736
3522,-0.045089371502399445
3523,0.35192617774009705
3524,0.2484329342842102
3525,0.3788784146308899
3526,0.2607734501361847
3527,0.2180480659008026
3528,0.023064853623509407
3529,0.170501247048378
3530,0.23094454407691956
3531,0.04130283370614052
3532,0.3142871558666229
3533,0.023059576749801636
3534,0.09973017126321793
3535,0.04449594393372536
3536,0.2361403852701187
3537,0.3389875292778015
3538,0.35688915848731995
3539,-0.008874422870576382
3540,0.32491132616996765
3541,0.39333900809288025
3542,0.19862686097621918
3543,0.10690325498580933
3544,0.14614367485046387
3545,0.13655675947666168
3546,0.2244596779346466
3547,0.33268603682518005
3548,0.3253544270992279
3549,0.10315763205289841
3550,0.2631199359893799
3551,0.21676522493362427
3552,-0.12555767595767975
3553,0.17512767016887665
3554,0.3258500397205353
3555,0.009833790361881256
3556,0.3183501958847046
3557,0.20190590620040894
3558,0.03561000898480415
3559,0.1447015255689621
3560,0.05754224210977554
3561,0.027172746136784554
3562,0.22955568134784698
3563,0.2583596408367157
3564,0.07330184429883957
3565,0.11878042668104172
3566,0.36300426721572876
3567,0.16581842303276062
3568,0.10909242182970047
3569,-0.0059623257257044315
3570,0.3791118264198303
3571,0.20147819817066193
3572,-0.03247154504060745
3573,0.1570030301809311
3574,-0.041489675641059875
3575,0.042578283697366714
3576,0.23410934209823608
3577,0.37498220801353455
3578,0.15592432022094727
3579,0.08274539560079575
3580,0.13639922440052032
3581,0.08269495517015457
3582,0.25863462686538696
3583,0.2486761212348938
3584,0.34466177225112915
3585,0.12579458951950073
3586,0.2173662930727005
3587,0.011646255850791931
3588,0.03833425045013428
3589,0.08719930052757263
3590,0.3858616352081299
3591,0.3727067708969116
3592,0.21861405670642853
3593,0.4460276663303375
3594,0.2698122262954712
3595,0.10952239483594894
3596,-0.11989741772413254
3597,0.0018636657623574138
3598,0.10610122233629227
3599,0.21465133130550385
3600,0.21050909161567688
3601,-0.011829674243927002
3602,0.32877224683761597
3603,0.019125590100884438
3604,0.1541176438331604
3605,0.4069792926311493
3606,0.40283462405204773
3607,0.1497076451778412
3608,0.2678125500679016
3609,0.3815745711326599
3610,-0.05078620836138725
3611,0.16784177720546722
3612,0.33272838592529297
3613,0.12390867620706558
3614,0.12369418889284134
3615,0.174691841006279
3616,0.24880637228488922
3617,0.33264440298080444
3618,0.12026888877153397
3619,0.15073074400424957
3620,0.1540047973394394
3621,0.13547383248806
3622,0.16090692579746246
3623,0.14218302071094513
3624,0.11052273958921432
3625,0.13013315200805664
3626,0.1380026489496231
3627,0.01352869812399149
3628,0.14601384103298187
3629,0.06660221517086029
3630,-0.04217514023184776
3631,0.06389907002449036
3632,0.14252786338329315
3633,0.17975181341171265
3634,-0.060383353382349014
3635,0.1534203439950943
3636,0.14436142146587372
3637,0.06757322698831558
3638,0.13548167049884796
3639,-0.08370789140462875
3640,0.10963992774486542
3641,0.2627038061618805
3642,0.24477188289165497
3643,0.13739994168281555
3644,0.10094017535448074
3645,0.029622524976730347
3646,0.310838520526886
3647,0.37983813881874084
3648,-0.0371391661465168
3649,0.26728078722953796
3650,0.19781559705734253
3651,0.1799176186323166
3652,0.16223300993442535
3653,0.08682116121053696
3654,0.0920528918504715
3655,0.16687270998954773
3656,0.032073453068733215
3657,0.024263128638267517
3658,0.22465316951274872
3659,0.3936760425567627
3660,0.2302521914243698
3661,-0.025214718654751778
3662,0.23485219478607178
3663,0.09204038232564926
3664,0.24181650578975677
3665,0.41713106632232666
3666,0.23390230536460876
3667,0.13386914134025574
3668,0.14531965553760529
3669,0.0041754525154829025
3670,0.14459046721458435
3671,0.3343050479888916
3672,0.30634990334510803
3673,0.37496986985206604
3674,-0.16003668308258057
3675,0.0337417870759964
3676,0.15383513271808624
3677,0.1605108082294464
3678,0.3498379588127136
3679,-0.09967898577451706
3680,0.07799091935157776
3681,0.2599676847457886
3682,0.007869639433920383
3683,0.390990674495697
3684,0.08652433753013611
3685,0.1706356257200241
3686,0.14034420251846313
3687,0.1309325397014618
3688,0.12402340769767761
3689,-0.014408047311007977
3690,0.2780683636665344
3691,0.24959085881710052
3692,0.07349532097578049
3693,-0.07759462296962738
3694,0.1428547352552414
3695,0.1278333216905594
3696,0.05801737681031227
3697,0.0725867822766304
3698,0.03532586246728897
3699,0.2004849910736084
3700,0.22141432762145996
3701,0.05411913990974426
3702,0.07543803751468658
3703,0.05435706675052643
3704,0.1932656615972519
3705,0.09482646733522415
3706,0.339469850063324
3707,0.11705318838357925
3708,0.08871855586767197
3709,0.26440396904945374
3710,0.06300745159387589
3711,0.23336045444011688
3712,0.16333603858947754
3713,0.16289857029914856
3714,-0.01977136731147766
3715,0.07435822486877441
3716,0.1887795776128769
3717,0.2709856629371643
3718,0.3460461497306824
3719,0.36487171053886414
3720,0.11592947691679001
3721,0.25855696201324463
3722,0.4004818797111511
3723,0.24280503392219543
3724,0.13881997764110565
3725,0.08263573050498962
3726,0.01804465427994728
3727,0.2990366518497467
3728,-0.003815708914771676
3729,-0.054931703954935074
3730,0.3841409981250763
3731,0.31462210416793823
3732,0.23464055359363556
3733,-0.05258816108107567
3734,0.2579159140586853
3735,0.13464012742042542
3736,0.27963805198669434
3737,-0.0019202765543013811
3738,0.018820738419890404
3739,0.04744606092572212
3740,0.34974798560142517
3741,-0.06214291974902153
3742,0.2869250774383545
3743,0.022060146555304527
3744,0.336649090051651
3745,0.3593549430370331
3746,0.030744509771466255
3747,0.17652727663516998
3748,0.36968013644218445
3749,0.4220772087574005
3750,0.13237066566944122
3751,-0.05088105797767639
3752,0.15438535809516907
3753,0.08385112881660461
3754,0.2547979950904846
3755,0.15527665615081787
3756,0.2775064706802368
3757,0.22500325739383698
3758,0.14348016679286957
3759,0.08212793618440628
3760,0.07270409166812897
3761,0.3096577525138855
3762,-0.004172433167695999
3763,0.3077844977378845
3764,0.24948611855506897
3765,0.24468155205249786
3766,0.22992363572120667
3767,0.3398725390434265
3768,0.12750278413295746
3769,0.07208796590566635
3770,0.1418987512588501
3771,0.1529356986284256
3772,0.04967772960662842
3773,0.2823910713195801
3774,0.00881641823798418
3775,0.1473665088415146
3776,0.48329851031303406
3777,0.3501616418361664
3778,-0.08529482036828995
3779,0.0020955337677150965
3780,0.2543438673019409
3781,0.10393235087394714
3782,0.10398794710636139
3783,0.3742229640483856
3784,0.27586618065834045
3785,0.010643607936799526
3786,0.3174865245819092
3787,0.15496587753295898
3788,0.42890387773513794
3789,0.2273196429014206
3790,0.23728281259536743
3791,0.16552385687828064
3792,0.149639293551445
3793,0.21029093861579895
3794,0.03092879429459572
3795,0.03433475270867348
3796,0.2534235417842865
3797,0.27935969829559326
3798,0.1267492026090622
3799,0.1119125485420227
3800,0.1951376497745514
3801,0.14278843998908997
3802,0.1397475004196167
3803,0.1254521906375885
3804,0.21043838560581207
3805,0.30812978744506836
3806,0.04502491280436516
3807,0.08591771870851517
3808,0.15820060670375824
3809,0.005361881572753191
3810,-0.06498647481203079
3811,0.026328496634960175
3812,0.26661500334739685
3813,0.1342940330505371
3814,0.22204263508319855
3815,0.14529088139533997
3816,0.13941773772239685
3817,0.014931307174265385
3818,0.26193907856941223
3819,0.18930000066757202
3820,0.14412063360214233
3821,0.16427764296531677
3822,-0.022457337006926537
3823,0.21057641506195068
3824,0.2903582453727722
3825,0.255088746547699
3826,0.1876710057258606
3827,0.1745455116033554
3828,0.17257891595363617
3829,-0.03949500992894173
3830,0.3885970115661621
3831,0.3618851602077484
3832,0.33416515588760376
3833,0.3071252405643463
3834,0.14302663505077362
3835,0.09653091430664062
3836,0.02173040620982647
3837,0.07141722738742828
3838,0.11222828924655914
3839,0.12108676135540009
3840,0.011337905190885067
3841,0.08714698255062103
3842,0.13061551749706268
3843,0.1989029049873352
3844,0.03103879652917385
3845,0.14899447560310364
3846,-0.023794781416654587
3847,-0.12465797364711761
3848,0.243400439620018
3849,0.24969778954982758
3850,0.31145840883255005
3851,0.2326512634754181
3852,0.08953789621591568
3853,0.35209450125694275
3854,0.34107381105422974
3855,0.26550164818763733
3856,0.1041836366057396
3857,0.1640436202287674
3858,0.323060542345047
3859,-0.0020650955848395824
3860,0.17522622644901276
3861,0.3211333751678467
3862,0.0980837270617485
3863,0.20717032253742218
3864,0.025478342548012733
3865,0.12754350900650024
3866,0.06834977120161057
3867,0.1951223462820053
3868,0.1904345601797104
3869,0.25037479400634766
3870,0.2797134220600128
3871,0.37998080253601074
3872,0.05866646394133568
3873,0.12470956146717072
3874,0.033973146229982376
3875,-0.14132648706436157
3876,0.01844349317252636
3877,0.3473571240901947
3878,0.1505637913942337
3879,-0.0029846206307411194
3880,0.06675288826227188
3881,0.1456385999917984
3882,0.281582772731781
3883,-0.03395090252161026
3884,0.02366105280816555
3885,0.20844824612140656
3886,0.2054263800382614
3887,-0.009984700009226799
3888,0.04171207919716835
3889,-0.10882419347763062
3890,0.08257665485143661
3891,0.4082897901535034
3892,0.030772076919674873
3893,0.35443416237831116
3894,0.1641846001148224
3895,0.19115333259105682
3896,0.1928035169839859
3897,0.1198529601097107
3898,0.1228397861123085
3899,0.18541660904884338
3900,0.18681207299232483
3901,0.12005968391895294
3902,0.10466922074556351
3903,0.06541192531585693
3904,0.30619290471076965
3905,0.19375357031822205
3906,0.24454838037490845
3907,0.05482739582657814
3908,0.3083019554615021
3909,0.23282326757907867
3910,0.2620883584022522
3911,0.03661584109067917
3912,0.04474862292408943
3913,0.17303676903247833
3914,0.0831737145781517
3915,0.24453379213809967
3916,0.387342244386673
3917,0.08706272393465042
3918,0.06816237419843674
3919,0.3779332935810089
3920,0.2284182757139206
3921,0.41028207540512085
3922,0.2322438806295395
3923,0.27169767022132874
3924,0.13126754760742188
3925,0.06357412785291672
3926,0.012918669730424881
3927,0.10885713249444962
3928,0.08466609567403793
3929,-0.09364107251167297
3930,0.11117427796125412
3931,0.3549380898475647
3932,0.01220251526683569
3933,0.15927906334400177
3934,0.22977575659751892
3935,0.1302150934934616
3936,0.292786180973053
3937,-0.06793678551912308
3938,0.08374074101448059
3939,0.39913997054100037
3940,-0.15053033828735352
3941,-0.06279617547988892
3942,0.0382680743932724
3943,0.17371699213981628
3944,0.03498132899403572
3945,0.15183034539222717
3946,0.11638589203357697
3947,0.15029963850975037
3948,0.041114628314971924
3949,0.40271806716918945
3950,0.3938353359699249
3951,0.08786273002624512
3952,0.022679753601551056
3953,0.03637747839093208
3954,0.4215205907821655
3955,0.07828645408153534
3956,0.10408439487218857
3957,0.372096985578537
3958,0.027011148631572723
3959,0.13725295662879944
3960,0.2685278356075287
3961,-0.05410442128777504
3962,0.17703355848789215
3963,0.0736611932516098
3964,0.00236621149815619
3965,0.3457217812538147
3966,0.340435653924942
3967,-0.009435425512492657
3968,0.036407969892024994
3969,3.526220825733617e-05
3970,0.12521834671497345
3971,-0.00935196690261364
3972,0.17334149777889252
3973,0.3613989055156708
3974,-0.017118722200393677
3975,0.23261019587516785
3976,0.34264275431632996
3977,-0.0017310595139861107
3978,0.4046347439289093
3979,0.41898399591445923
3980,0.20031306147575378
3981,0.08729615807533264
3982,0.23105832934379578
3983,0.12570935487747192
3984,0.004571476951241493
3985,0.03709469363093376
3986,0.14662204682826996
3987,0.4155561625957489
3988,-0.10294234752655029
3989,0.10298297554254532
3990,0.10826186835765839
3991,0.43333137035369873
3992,0.1375778466463089
3993,-0.004374711774289608
3994,0.12682583928108215
3995,0.04230803996324539
3996,0.2866446375846863
3997,0.15350916981697083
3998,0.2628055214881897
3999,0.4170152246952057
4000,0.2453908920288086
4001,0.22247850894927979
4002,0.2856878936290741
4003,0.13745082914829254
4004,0.2521822154521942
4005,0.31397250294685364
4006,-0.09921074658632278
4007,0.26537495851516724
4008,0.2791058421134949
4009,0.2942819893360138
4010,0.461792528629303
4011,0.006462428253144026
4012,0.17220990359783173
4013,0.11036515235900879
4014,0.07153691351413727
4015,0.10595187544822693
4016,-0.00713180610910058
4017,0.007969589903950691
4018,-0.01247916929423809
4019,0.3764270842075348
4020,0.05211111530661583
4021,0.07730042189359665
4022,0.2755642831325531
4023,0.15610387921333313
4024,0.08487509191036224
4025,-0.031075268983840942
4026,0.4076277017593384
4027,0.41697317361831665
4028,0.1659189760684967
4029,0.0715610682964325
4030,0.2764345407485962
4031,0.1343715339899063
4032,0.3993290364742279
4033,0.2633320093154907
4034,-0.06932993978261948
4035,0.38438743352890015
4036,0.16295962035655975
4037,0.46384456753730774
4038,0.06413251161575317
4039,0.13907630741596222
4040,0.40234601497650146
4041,0.02096928097307682
4042,0.16308559477329254
4043,0.21816903352737427
4044,0.3775944709777832
4045,0.13142088055610657
4046,0.16704800724983215
4047,0.524716317653656
4048,-0.011756383813917637
4049,0.1469939798116684
4050,0.41811248660087585
4051,0.10524812340736389
4052,0.04477745667099953
4053,-0.008123421110212803
4054,0.180752232670784
4055,-0.020358102396130562
4056,0.01722913607954979
4057,0.3075380027294159
4058,0.03775142878293991
4059,0.16123135387897491
4060,0.09195226430892944
4061,0.15467989444732666
4062,0.18887938559055328
4063,0.1815643459558487
4064,0.08742155134677887
4065,0.18066371977329254
4066,0.2614441514015198
4067,0.07853835076093674
4068,0.04073292389512062
4069,0.15607525408267975
4070,0.20698752999305725
4071,0.40990763902664185
4072,-0.0031903202179819345
4073,-0.12174038589000702
4074,0.15265168249607086
4075,0.05901671200990677
4076,0.24288830161094666
4077,0.03957188129425049
4078,0.521845281124115
4079,0.3921339511871338
4080,0.38330841064453125
4081,0.05236164480447769
4082,0.32286733388900757
4083,0.0654352456331253
4084,0.20084023475646973
4085,0.02500114031136036
4086,0.45123177766799927
4087,0.2543698251247406
4088,0.019731735810637474
4089,0.3842383027076721
4090,0.17354169487953186
4091,0.07278217375278473
4092,0.2057211995124817
4093,0.18030297756195068
4094,0.012392481788992882
4095,0.04798591136932373
4096,0.2494916170835495
4097,0.055203817784786224
4098,0.259965717792511
4099,0.00840831734240055
4100,0.08500306308269501
4101,0.2385069727897644
4102,0.42449384927749634
4103,0.46001923084259033
4104,0.01961926743388176
4105,0.28214508295059204
4106,0.015846770256757736
4107,0.06873975694179535
4108,0.18179482221603394
4109,0.11583127081394196
4110,0.19995707273483276
4111,0.1313593089580536
4112,0.45976850390434265
4113,0.055570900440216064
4114,0.04612468555569649
4115,0.010303027927875519
4116,0.11642683297395706
4117,0.18073099851608276
4118,0.28064316511154175
4119,0.07266519218683243
4120,0.42911913990974426
4121,0.14911817014217377
4122,0.04055064544081688
4123,0.03455575183033943
4124,0.1430281400680542
4125,0.13088205456733704
4126,0.07383792102336884
4127,0.16365337371826172
4128,0.16920869052410126
4129,0.3862900733947754
4130,0.15116281807422638
4131,0.311351478099823
4132,0.05252646282315254
4133,0.11234021186828613
4134,0.035379618406295776
4135,0.051370393484830856
4136,0.41827139258384705
4137,0.07718879729509354
4138,0.05483989417552948
4139,0.11904950439929962
4140,0.22589638829231262
4141,0.07729402929544449
4142,0.16426466405391693
4143,0.17573612928390503
4144,0.24399620294570923
4145,-0.07190809398889542
4146,0.035090409219264984
4147,0.3874317705631256
4148,0.035812005400657654
4149,0.21085530519485474
4150,-0.023596731945872307
4151,-0.006507726386189461
4152,-0.033857256174087524
4153,-0.08773615211248398
4154,0.012407191097736359
4155,-0.05006038397550583
4156,0.04473765939474106
4157,0.38887733221054077
4158,0.22298507392406464
4159,0.045794639736413956
4160,-0.07981234788894653
4161,0.3549955487251282
4162,0.04084884375333786
4163,0.20940685272216797
4164,0.09730314463376999
4165,0.17364820837974548
4166,0.4499485194683075
4167,0.2517203092575073
4168,0.031265344470739365
4169,0.12192976474761963
4170,-0.06339430063962936
4171,0.3839382827281952
4172,0.08246194571256638
4173,0.4072670042514801
4174,0.1429472118616104
4175,0.18942680954933167
4176,0.11725836992263794
4177,0.09666170179843903
4178,0.1610165536403656
4179,0.3570573627948761
4180,0.031457606703042984
4181,0.2833694517612457
4182,0.09205814450979233
4183,0.016013609245419502
4184,0.18010009825229645
4185,0.19765301048755646
4186,0.276470810174942
4187,0.47904080152511597
4188,0.09713415801525116
4189,0.08859813958406448
4190,0.07010149955749512
4191,0.49208498001098633
4192,0.016648584976792336
4193,0.1987706571817398
4194,0.1840246319770813
4195,0.19307424128055573
4196,0.2876691520214081
4197,0.07911225408315659
4198,0.10941092669963837
4199,0.4606283903121948
4200,0.26135149598121643
4201,0.19668900966644287
4202,0.1426163911819458
4203,0.25004011392593384
4204,0.18005700409412384
4205,-0.11063498258590698
4206,-0.01659988984465599
4207,0.024221183732151985
4208,0.059085216373205185
4209,0.030462974682450294
4210,0.22726289927959442
4211,0.00464482419192791
4212,0.4662560522556305
4213,0.2453421950340271
4214,-0.048017702996730804
4215,0.2712612748146057
4216,0.23869109153747559
4217,-0.05847160518169403
4218,0.3702222406864166
4219,-0.07160283625125885
4220,0.09212840348482132
4221,-0.07169504463672638
4222,0.2194826900959015
4223,0.19256842136383057
4224,0.05229318514466286
4225,0.15584415197372437
4226,0.28873586654663086
4227,0.3867743909358978
4228,0.3380497097969055
4229,0.2614468038082123
4230,0.17201462388038635
4231,0.24181117117404938
4232,0.024054402485489845
4233,0.08750493079423904
4234,0.11445452272891998
4235,0.09012925624847412
4236,-0.05421874299645424
4237,0.1808645874261856
4238,0.46310725808143616
4239,0.37282657623291016
4240,0.2061428278684616
4241,0.40906286239624023
4242,0.0006676833727397025
4243,0.296834260225296
4244,0.3695688843727112
4245,0.07057276368141174
4246,0.04140232875943184
4247,0.18719708919525146
4248,0.05069262906908989
4249,-0.0890757367014885
4250,0.11486606299877167
4251,0.1178390383720398
4252,0.1209246963262558
4253,0.07991853356361389
4254,0.26939117908477783
4255,0.4077948331832886
4256,0.04659237712621689
4257,0.16620424389839172
4258,0.1903526335954666
4259,0.08807610720396042
4260,0.19405348598957062
4261,-0.002654041163623333
4262,0.013631251640617847
4263,0.15554387867450714
4264,0.2091721147298813
4265,0.19864386320114136
4266,0.13164380192756653
4267,0.3928106725215912
4268,0.056495748460292816
4269,0.3441244959831238
4270,0.4074581265449524
4271,0.022942276671528816
4272,0.19846224784851074
4273,-0.033442236483097076
4274,0.19323553144931793
4275,0.33906641602516174
4276,0.35953018069267273
4277,0.39875778555870056
4278,0.12550070881843567
4279,0.21614564955234528
4280,0.1861608922481537
4281,0.058161310851573944
4282,0.21031884849071503
4283,0.46837499737739563
4284,0.15260735154151917
4285,0.2808426022529602
4286,0.026285169646143913
4287,0.4161682724952698
4288,-0.041930608451366425
4289,0.10020020604133606
4290,0.07381593436002731
4291,0.053217239677906036
4292,0.11136052012443542
4293,0.023447703570127487
4294,0.2548026144504547
4295,0.1612081080675125
4296,0.29967179894447327
4297,0.48651695251464844
4298,0.024037428200244904
4299,-0.023118341341614723
4300,0.16040056943893433
4301,0.08013882488012314
4302,0.4236413538455963
4303,0.2787190079689026
4304,0.2610101103782654
4305,0.06664412468671799
4306,0.4105171859264374
4307,0.1297449767589569
4308,0.21041928231716156
4309,0.38571885228157043
4310,0.3966536521911621
4311,0.12415733933448792
4312,0.27721065282821655
4313,-0.014074834063649178
4314,-0.07082273066043854
4315,0.38444405794143677
4316,0.04063096642494202
4317,0.16107173264026642
4318,0.17948180437088013
4319,0.1328764408826828
4320,0.033632632344961166
4321,0.07938474416732788
4322,-0.10279221832752228
4323,0.005896237213164568
4324,0.24749046564102173
4325,0.14110073447227478
4326,0.2740617096424103
4327,0.025698529556393623
4328,0.2483195811510086
4329,0.17856115102767944
4330,0.17445503175258636
4331,0.2605750858783722
4332,0.42049604654312134
4333,0.29230818152427673
4334,0.013766972348093987
4335,0.3806328773498535
4336,0.13032172620296478
4337,0.15590350329875946
4338,0.16796348989009857
4339,0.3882840573787689
4340,0.09895007312297821
4341,0.402380108833313
4342,0.09546145051717758
4343,0.15581905841827393
4344,0.09305282682180405
4345,0.12978595495224
4346,0.1159510463476181
4347,0.015209115110337734
4348,0.07405158877372742
4349,-0.022871999070048332
4350,-0.01839517243206501
4351,0.13830064237117767
4352,0.0832144170999527
4353,0.2708241641521454
4354,0.26816120743751526
4355,0.014862718060612679
4356,-0.06804943084716797
4357,0.06581708043813705
4358,0.3075163960456848
4359,0.058432772755622864
4360,0.17118005454540253
4361,0.04716122895479202
4362,0.38119345903396606
4363,0.28695905208587646
4364,0.44475239515304565
4365,0.08634426444768906
4366,0.10553039610385895
4367,0.10085877031087875
4368,-0.046070318669080734
4369,0.0708363950252533
4370,0.4132751226425171
4371,0.16340091824531555
4372,0.2791077792644501
4373,0.14731347560882568
4374,0.14555075764656067
4375,-0.1019098162651062
4376,0.1559508740901947
4377,0.23826737701892853
4378,0.10519766807556152
4379,0.3019106984138489
4380,0.429719477891922
4381,0.4296715259552002
4382,0.43512046337127686
4383,0.16211064159870148
4384,0.09811104089021683
4385,0.22937043011188507
4386,0.06530062109231949
4387,-0.01559185329824686
4388,0.11561711132526398
4389,0.35919705033302307
4390,0.09021304547786713
4391,0.49542391300201416
4392,-0.047191739082336426
4393,0.2150571495294571
4394,0.42652854323387146
4395,0.29739052057266235
4396,0.4228244125843048
4397,0.052891530096530914
4398,0.07848130166530609
4399,0.05495411902666092
4400,0.09013402462005615
4401,0.17138491570949554
4402,0.2847200334072113
4403,-0.06754431128501892
4404,0.17718146741390228
4405,0.07511842250823975
4406,0.02285679057240486
4407,-0.04067119210958481
4408,0.17072512209415436
4409,0.5534622669219971
4410,0.08824681490659714
4411,0.3502514362335205
4412,0.30524179339408875
4413,0.4659992754459381
4414,-0.05904646962881088
4415,0.12181591242551804
4416,0.02473379671573639
4417,0.032197870314121246
4418,0.2863195538520813
4419,0.16547824442386627
4420,0.2895677089691162
4421,0.23738037049770355
4422,0.3895757794380188
4423,0.03592783212661743
4424,0.051192861050367355
4425,-0.06824859231710434
4426,-0.03171710669994354
4427,0.10065706819295883
4428,0.1672370582818985
4429,0.13650600612163544
4430,0.11952012777328491
4431,0.06869707256555557
4432,0.16757488250732422
4433,0.2139998823404312
4434,0.10854759812355042
4435,0.06548148393630981
4436,0.459652304649353
4437,-0.03222872316837311
4438,-0.010516750626266003
4439,0.03672222048044205
4440,0.10785093158483505
4441,0.15820308029651642
4442,0.38546499609947205
4443,0.14579053223133087
4444,0.2576797306537628
4445,0.2896730303764343
4446,0.2297280728816986
4447,0.19306285679340363
4448,0.21099011600017548
4449,0.41160500049591064
4450,0.2070986032485962
4451,-0.07491941750049591
4452,0.17516371607780457
4453,0.16827894747257233
4454,0.02337143011391163
4455,0.28901568055152893
4456,-0.07464731484651566
4457,0.2798258066177368
4458,0.26631852984428406
4459,0.049326080828905106
4460,0.08396504074335098
4461,0.2791409492492676
4462,0.20723943412303925
4463,0.4157072901725769
4464,0.17821119725704193
4465,0.1185222938656807
4466,0.21242453157901764
4467,0.19514930248260498
4468,0.09125614911317825
4469,0.21992523968219757
4470,0.2869977653026581
4471,0.19848909974098206
4472,0.05478564649820328
4473,0.4289475381374359
4474,0.07326214760541916
4475,0.16977915167808533
4476,0.03059162199497223
4477,0.3684667646884918
4478,0.08051521331071854
4479,0.19164220988750458
4480,0.40184739232063293
4481,0.4485979974269867
4482,0.17119203507900238
4483,0.07772659510374069
4484,0.39682844281196594
4485,0.1973342001438141
4486,0.0488441064953804
4487,0.12560391426086426
4488,0.024796823039650917
4489,0.021707547828555107
4490,0.01290406845510006
4491,0.036942094564437866
4492,0.05545223504304886
4493,0.1746971309185028
4494,0.06528448313474655
4495,0.25210943818092346
4496,0.39861154556274414
4497,0.37817591428756714
4498,0.17233386635780334
4499,-0.012158076278865337
4500,-0.06582807749509811
4501,0.02754092961549759
4502,0.16554206609725952
4503,0.2730560898780823
4504,0.2967381477355957
4505,0.3039456307888031
4506,0.170432910323143
4507,0.40709903836250305
4508,0.15376035869121552
4509,0.3732171654701233
4510,0.1391228288412094
4511,0.05606774985790253
4512,0.12575383484363556
4513,0.0297600906342268
4514,-0.09481754899024963
4515,0.26381054520606995
4516,0.44178488850593567
4517,0.3910577595233917
4518,0.21688272058963776
4519,0.10993889719247818
4520,0.24231921136379242
4521,0.22754333913326263
4522,0.38191697001457214
4523,0.19501802325248718
4524,0.23670214414596558
4525,0.09384074807167053
4526,0.3721095025539398
4527,0.19154852628707886
4528,0.16194795072078705
4529,0.17841804027557373
4530,-0.010840287432074547
4531,-0.014149494469165802
4532,-0.07283343374729156
4533,0.13890030980110168
4534,0.2681416869163513
4535,0.13927936553955078
4536,0.3201692998409271
4537,0.44291749596595764
4538,0.06156095489859581
4539,0.17035937309265137
4540,0.37835294008255005
4541,0.2185264676809311
4542,0.16002532839775085
4543,0.23611800372600555
4544,0.0827355906367302
4545,0.117793969810009
4546,0.38090744614601135
4547,0.052906334400177
4548,0.264595091342926
4549,0.1476649045944214
4550,0.4352777600288391
4551,0.19468209147453308
4552,0.22356653213500977
4553,0.2510865032672882
4554,0.05753519386053085
4555,0.15045273303985596
4556,0.13830025494098663
4557,0.0746743381023407
4558,0.22000490128993988
4559,-0.0750398114323616
4560,0.16367457807064056
4561,0.16739872097969055
4562,0.01852729171514511
4563,0.3149976134300232
4564,-0.05901797115802765
4565,0.039260830730199814
4566,0.23875461518764496
4567,0.07346828281879425
4568,0.07592697441577911
4569,-0.17836998403072357
4570,0.12414861470460892
4571,-0.004741612356156111
4572,0.18864290416240692
4573,0.03832528367638588
4574,0.18037982285022736
4575,0.4016183018684387
4576,0.3856256306171417
4577,-0.04120902717113495
4578,-0.0879652127623558
4579,0.08784956485033035
4580,0.2507004737854004
4581,0.022574732080101967
4582,-0.07692660391330719
4583,0.10743863880634308
4584,0.06900282949209213
4585,0.25851017236709595
4586,0.23833420872688293
4587,0.20653046667575836
4588,0.1291739046573639
4589,0.06964828073978424
4590,0.437628835439682
4591,0.25316092371940613
4592,-0.13295193016529083
4593,0.2015114575624466
4594,-0.052861232310533524
4595,0.17391835153102875
4596,0.3902886211872101
4597,-0.0665920153260231
4598,0.5124439597129822
4599,0.04490429535508156
4600,0.20519761741161346
4601,0.08247566968202591
4602,0.3816535770893097
4603,0.2101058065891266
4604,-0.021266458556056023
4605,0.1877773404121399
4606,0.17627033591270447
4607,0.2111874669790268
4608,0.17580433189868927
4609,0.09595869481563568
4610,0.05979744717478752
4611,0.07066673040390015
4612,0.14494265615940094
4613,-0.014428907074034214
4614,0.036851536482572556
4615,0.14952708780765533
4616,-0.026360519230365753
4617,0.14978840947151184
4618,0.2521844208240509
4619,0.05311078205704689
4620,0.014247613027691841
4621,0.22034379839897156
4622,0.10582637786865234
4623,0.30048301815986633
4624,0.27828866243362427
4625,0.17640799283981323
4626,0.09241153299808502
4627,0.08708633482456207
4628,-0.09298857301473618
4629,-0.09730048477649689
4630,0.0892876610159874
4631,0.20345790684223175
4632,0.1215648502111435
4633,0.25643908977508545
4634,-0.0897718071937561
4635,0.09802918136119843
4636,0.18603669106960297
4637,0.05965045839548111
4638,0.4256291091442108
4639,0.15780296921730042
4640,0.10804241895675659
4641,0.016873592510819435
4642,0.2897759675979614
4643,0.2024364322423935
4644,0.3119639456272125
4645,-0.0011991047067567706
4646,0.03261652961373329
4647,0.14474935829639435
4648,0.2390182465314865
4649,0.4693821370601654
4650,0.32316961884498596
4651,0.20377342402935028
4652,0.19817392528057098
4653,0.18959785997867584
4654,0.19865982234477997
4655,0.2804354131221771
4656,0.32665199041366577
4657,0.30301380157470703
4658,0.34618812799453735
4659,0.29392755031585693
4660,0.017638906836509705
4661,0.014653483405709267
4662,0.06919470429420471
4663,0.30868205428123474
4664,0.30982547998428345
4665,0.19123093783855438
4666,0.3442782461643219
4667,0.3290849030017853
4668,0.008406057953834534
4669,0.24571166932582855
4670,0.05271419510245323
4671,0.14294269680976868
4672,0.2104770392179489
4673,0.3562159836292267
4674,0.04120570048689842
4675,0.3955681324005127
4676,0.40124791860580444
4677,0.1514015793800354
4678,0.18693599104881287
4679,0.18405772745609283
4680,0.17505604028701782
4681,0.17370009422302246
4682,0.341187059879303
4683,0.3632023334503174
4684,0.4784405827522278
4685,0.20960550010204315
4686,0.14867112040519714
4687,0.1669020801782608
4688,0.04588909447193146
4689,0.16845355927944183
4690,0.09534603357315063
4691,0.24612659215927124
4692,0.23333144187927246
4693,0.15348181128501892
4694,0.3670012056827545
4695,0.348330557346344
4696,0.08940206468105316
4697,0.17515133321285248
4698,0.08959751576185226
4699,0.37727516889572144
4700,0.34136196970939636
4701,0.02304203249514103
4702,0.07576839625835419
4703,0.2684966027736664
4704,0.19110055267810822
4705,0.15669779479503632
4706,0.015456768684089184
4707,0.3697046935558319
4708,0.1105884313583374
4709,0.07175802439451218
4710,0.3503032624721527
4711,-0.16587528586387634
4712,0.02736786939203739
4713,0.26187148690223694
4714,0.07416238635778427
4715,0.17554162442684174
4716,0.44110673666000366
4717,-0.05352071300148964
4718,0.042168810963630676
4719,0.23950175940990448
4720,-0.02797841653227806
4721,0.07376131415367126
4722,0.0357169471681118
4723,0.2150968760251999
4724,0.1487130969762802
4725,0.15736180543899536
4726,0.03960109129548073
4727,0.09106072783470154
4728,0.27857986092567444
4729,0.30523625016212463
4730,-0.13987958431243896
4731,0.0564052015542984
4732,0.2683470845222473
4733,0.16090410947799683
4734,0.19292645156383514
4735,-0.06631475687026978
4736,0.38966506719589233
4737,0.15609751641750336
4738,0.20322580635547638
4739,-0.0770820751786232
4740,0.4730216860771179
4741,0.13163278996944427
4742,0.27718767523765564
4743,-0.035769328474998474
4744,0.0774296224117279
4745,0.1510339230298996
4746,0.08868518471717834
4747,0.4572950303554535
4748,0.26756834983825684
4749,0.08102796971797943
4750,0.1670927107334137
4751,0.4659267067909241
4752,0.10205797106027603
4753,0.4514036178588867
4754,0.23725739121437073
4755,0.031139304861426353
4756,-0.07936479151248932
4757,0.06014828011393547
4758,0.08215869218111038
4759,-0.0667499378323555
4760,0.1721101850271225
4761,0.37388893961906433
4762,0.052743952721357346
4763,0.25766733288764954
4764,0.13652297854423523
4765,0.08375746011734009
4766,0.1736607402563095
4767,0.35372841358184814
4768,0.05696795508265495
4769,0.29964005947113037
4770,0.09622865915298462
4771,0.39265698194503784
4772,0.1045791432261467
4773,0.01769275590777397
4774,0.1513926386833191
4775,0.2030051201581955
4776,0.19317328929901123
4777,0.06295041739940643
4778,0.35213667154312134
4779,0.19982661306858063
4780,0.03016909398138523
4781,0.15507827699184418
4782,-0.10164764523506165
4783,0.12838858366012573
4784,0.18130327761173248
4785,0.13555291295051575
4786,0.12373575568199158
4787,0.08692340552806854
4788,0.14361858367919922
4789,0.40654370188713074
4790,0.011719328351318836
4791,0.16802340745925903
4792,0.2813306152820587
4793,0.30803152918815613
4794,0.34910547733306885
4795,0.23545457422733307
4796,0.15344122052192688
4797,0.2569805085659027
4798,0.4379306733608246
4799,0.09615326672792435
4800,0.08629284054040909
4801,0.17295022308826447
4802,0.3005484938621521
4803,0.331816703081131
4804,0.42519208788871765
4805,0.1800788938999176
4806,0.1273116171360016
4807,0.16007296741008759
4808,0.13609132170677185
4809,0.08813707530498505
4810,0.28492558002471924
4811,0.17588484287261963
4812,0.24740435183048248
4813,0.306102991104126
4814,0.35557839274406433
4815,0.11235348135232925
4816,0.11280259490013123
4817,-0.06460990756750107
4818,0.22043940424919128
4819,0.06129315868020058
4820,0.16661278903484344
4821,0.1448216438293457
4822,0.498708039522171
4823,0.2098216563463211
4824,0.1616714596748352
4825,0.14911143481731415
4826,0.1315682828426361
4827,0.17363741993904114
4828,0.11044753342866898
4829,0.3174966275691986
4830,0.3114442229270935
4831,0.31677746772766113
4832,0.4733937978744507
4833,0.04684777185320854
4834,0.19688336551189423
4835,0.11084429174661636
4836,0.42519792914390564
4837,0.42715632915496826
4838,0.03103749454021454
4839,0.29638391733169556
4840,0.12864503264427185
4841,0.5434381365776062
4842,0.22616000473499298
4843,0.4524700343608856
4844,0.3451780080795288
4845,-0.06356985867023468
4846,0.11419492214918137
4847,0.49660956859588623
4848,0.1474309116601944
4849,0.09960713982582092
4850,0.07235203683376312
4851,0.04253707081079483
4852,0.14271917939186096
4853,0.14708387851715088
4854,0.2234259843826294
4855,0.04091321676969528
4856,0.4471145272254944
4857,0.29712608456611633
4858,0.02173687517642975
4859,0.06585350632667542
4860,0.2383236587047577
4861,0.12805649638175964
4862,0.18332688510417938
4863,0.17860418558120728
4864,-0.06296877562999725
4865,0.25097253918647766
4866,0.25385457277297974
4867,0.10066717863082886
4868,0.031418368220329285
4869,0.22417524456977844
4870,0.14179952442646027
4871,0.156694233417511
4872,0.24635885655879974
4873,0.05757250636816025
4874,0.010480756871402264
4875,0.4109000563621521
4876,0.22203433513641357
4877,0.18345430493354797
4878,0.025768067687749863
4879,0.17408663034439087
4880,0.20373980700969696
4881,0.18512749671936035
4882,0.2761651277542114
4883,0.03317928686738014
4884,0.1581868678331375
4885,0.12235619127750397
4886,0.22258971631526947
4887,-0.007386037614196539
4888,0.5049009919166565
4889,0.28414538502693176
4890,0.10655349493026733
4891,0.1770458221435547
4892,0.04848315939307213
4893,0.2163362205028534
4894,0.13728873431682587
4895,0.09944813698530197
4896,0.2597038745880127
4897,0.08251089602708817
4898,0.01994943805038929
4899,0.2461436241865158
4900,0.02346597984433174
4901,0.4381331205368042
4902,0.12215433269739151
4903,-0.05139162018895149
4904,-0.0511963777244091
4905,0.33635658025741577
4906,0.08414903283119202
4907,0.24273711442947388
4908,0.06649283319711685
4909,0.30306142568588257
4910,0.46285945177078247
4911,-0.008112507872283459
4912,0.3009260296821594
4913,0.024108223617076874
4914,-0.018940573558211327
4915,0.038046300411224365
4916,0.07096639275550842
4917,0.17848186194896698
4918,0.36745667457580566
4919,0.3410302698612213
4920,0.17060594260692596
4921,0.3008091151714325
4922,0.12379451841115952
4923,0.25326043367385864
4924,0.4007159173488617
4925,0.004248316399753094
4926,0.41118910908699036
4927,0.042434535920619965
4928,-0.08584088832139969
4929,0.14164872467517853
4930,-0.035351481288671494
4931,0.09360097348690033
4932,0.20419174432754517
4933,0.4671955704689026
4934,0.5457922220230103
4935,0.35841238498687744
4936,0.3996315896511078
4937,0.20298635959625244
4938,0.10830207914113998
4939,0.4198445975780487
4940,0.24467815458774567
4941,0.15344680845737457
4942,0.4660571813583374
4943,0.17063462734222412
4944,0.0916675478219986
4945,0.40094074606895447
4946,-0.08441050350666046
4947,0.12635113298892975
4948,0.3863765001296997
4949,0.239127054810524
4950,0.1724858283996582
4951,0.28421443700790405
4952,0.20242704451084137
4953,0.26725542545318604
4954,0.5480309724807739
4955,0.2509612441062927
4956,0.07227227091789246
4957,0.16661742329597473
4958,0.014916421845555305
4959,0.04370279610157013
4960,0.3072865903377533
4961,0.04442417249083519
4962,0.07550418376922607
4963,0.11764279752969742
4964,0.056870389729738235
4965,0.3345749080181122
4966,0.31346771121025085
4967,0.38597628474235535
4968,0.03254096955060959
4969,0.1794503778219223
4970,0.09475579112768173
4971,-0.03194545581936836
4972,0.300872266292572
4973,0.11111343652009964
4974,0.5030659437179565
4975,0.14293122291564941
4976,0.13736853003501892
4977,0.04139677435159683
4978,0.17884550988674164
4979,0.37421315908432007
4980,0.1837146282196045
4981,0.507349967956543
4982,0.4894006550312042
4983,0.5575050711631775
4984,0.11707532405853271
4985,0.12866632640361786
4986,0.15412214398384094
4987,0.1214623749256134
4988,0.2134520411491394
4989,0.11955860257148743
4990,0.05372535064816475
4991,0.12301834672689438
4992,0.3272249698638916
4993,0.07237716764211655
4994,0.06771934777498245
4995,0.19197313487529755
4996,0.13853590190410614
4997,0.1351652443408966
4998,-0.14840567111968994
4999,0.15636739134788513
5000,0.0868467167019844
5001,0.14557459950447083
5002,0.3884006440639496
5003,0.22653909027576447
5004,0.20766080915927887
5005,0.39894071221351624
5006,0.07323648780584335
5007,0.18901796638965607
5008,0.19587182998657227
5009,0.026584690436720848
5010,0.17667868733406067
5011,0.10049495846033096
5012,0.044066544622182846
5013,0.03822223097085953
5014,0.09811399132013321
5015,0.3421749472618103
5016,-0.08081801235675812
5017,0.0653805285692215
5018,0.25472769141197205
5019,0.5155901908874512
5020,0.08129037916660309
5021,0.131239652633667
5022,0.10203368216753006
5023,0.06555084139108658
5024,0.12118030339479446
5025,-0.018192535266280174
5026,0.16341105103492737
5027,0.12003540992736816
5028,0.5142775177955627
5029,0.05237003415822983
5030,0.4548698663711548
5031,0.22487619519233704
5032,0.16543428599834442
5033,0.1319945603609085
5034,0.1470450907945633
5035,0.015289826318621635
5036,0.2374451905488968
5037,0.15718288719654083
5038,0.23262076079845428
5039,0.08143883943557739
5040,0.31121623516082764
5041,-0.04179060831665993
5042,0.05518828704953194
5043,0.33763939142227173
5044,-0.0999920666217804
5045,0.4473856985569
5046,0.1159987524151802
5047,0.027713989838957787
5048,0.17443124949932098
5049,0.23788334429264069
5050,0.1667996346950531
5051,-0.07046118378639221
5052,-0.07462363690137863
5053,0.27315905690193176
5054,0.19733676314353943
5055,0.036440495401620865
5056,0.07240978628396988
5057,0.3139597475528717
5058,0.5127130150794983
5059,0.0961986780166626
5060,0.18088234961032867
5061,-0.003324794117361307
5062,0.5188636779785156
5063,0.489136666059494
5064,0.07302454859018326
5065,0.10532283782958984
5066,0.29873496294021606
5067,0.33185875415802
5068,0.05750264227390289
5069,0.47379425168037415
5070,0.25356993079185486
5071,0.188672736287117
5072,-0.05491040274500847
5073,0.2840934693813324
5074,0.5032965540885925
5075,0.04636872187256813
5076,0.17746098339557648
5077,0.15394696593284607
5078,0.5261839628219604
5079,0.40052562952041626
5080,-0.029955344274640083
5081,0.07674230635166168
5082,0.24363766610622406
5083,0.31391531229019165
5084,0.31668195128440857
5085,0.09629388898611069
5086,0.3958284556865692
5087,0.16934320330619812
5088,0.3145759105682373
5089,0.08926540613174438
5090,0.21600250899791718
5091,0.13818411529064178
5092,0.024321893230080605
5093,0.19455572962760925
5094,0.1218624860048294
5095,0.49760717153549194
5096,0.00637440662831068
5097,0.04382765293121338
5098,0.16746410727500916
5099,-0.03562066704034805
5100,0.13719432055950165
5101,0.2960778772830963
5102,0.22253833711147308
5103,0.08192168176174164
5104,0.15701349079608917
5105,0.04569519683718681
5106,-0.046100541949272156
5107,0.25703129172325134
5108,0.4448857605457306
5109,-0.05062396451830864
5110,0.14715224504470825
5111,0.19342577457427979
5112,0.5775022506713867
5113,0.2364169806241989
5114,0.18314692378044128
5115,0.11939292401075363
5116,0.6399720311164856
5117,0.4530676305294037
5118,0.39757609367370605
5119,0.10916715115308762
5120,0.13071729242801666
5121,-0.09654194116592407
5122,0.3948010206222534
5123,0.15846891701221466
5124,0.32013070583343506
5125,0.03925762325525284
5126,0.24013175070285797
5127,0.11311167478561401
5128,0.5679649114608765
5129,0.5050704479217529
5130,0.4719908535480499
5131,0.04162956401705742
5132,0.112110435962677
5133,0.41509902477264404
5134,0.14312033355236053
5135,0.057803720235824585
5136,0.2326844185590744
5137,0.4064764678478241
5138,0.2411215603351593
5139,0.08620552718639374
5140,0.029325151816010475
5141,0.3757724165916443
5142,0.3344847559928894
5143,0.11445886641740799
5144,0.05155636742711067
5145,0.24948573112487793
5146,0.25663885474205017
5147,0.1265292763710022
5148,0.38794028759002686
5149,0.11699517071247101
5150,0.11079820990562439
5151,0.22210760414600372
5152,0.3146109879016876
5153,0.08540856093168259
5154,0.1844395250082016
5155,0.15955699980258942
5156,0.3830612003803253
5157,0.21003682911396027
5158,-0.07323665916919708
5159,0.17345328629016876
5160,0.16970978677272797
5161,0.2406635731458664
5162,0.1811317652463913
5163,0.2614288032054901
5164,0.1678401678800583
5165,0.026381395757198334
5166,0.2941235899925232
5167,0.11214128136634827
5168,0.19734138250350952
5169,0.016822246834635735
5170,0.08146604895591736
5171,-0.040155358612537384
5172,0.3347068130970001
5173,0.37267401814460754
5174,0.11141061782836914
5175,0.14133967459201813
5176,0.07678696513175964
5177,0.49200984835624695
5178,0.4915347993373871
5179,0.17210035026073456
5180,0.23896074295043945
5181,0.03324661776423454
5182,0.025315333157777786
5183,0.1453409045934677
5184,0.1365131139755249
5185,0.2812412977218628
5186,0.4629008173942566
5187,0.3223174810409546
5188,-0.0012817383976653218
5189,0.4797019362449646
5190,0.5246257185935974
5191,-0.02332236059010029
5192,0.24015529453754425
5193,0.35219380259513855
5194,0.06454002857208252
5195,0.21016277372837067
5196,0.17437782883644104
5197,0.44200563430786133
5198,0.1875758320093155
5199,0.08712088316679001
5200,0.027684614062309265
5201,0.3681412637233734
5202,0.4233168065547943
5203,0.5302671790122986
5204,0.10119573026895523
5205,0.1204661875963211
5206,0.34851109981536865
5207,0.05204721912741661
5208,0.0699821338057518
5209,-0.08101489394903183
5210,0.13266323506832123
5211,0.21828864514827728
5212,0.11154984682798386
5213,0.39315786957740784
5214,0.43626534938812256
5215,0.3942126929759979
5216,0.18931804597377777
5217,0.2986719608306885
5218,0.053649112582206726
5219,0.16533949971199036
5220,0.17295856773853302
5221,0.09124759584665298
5222,0.13090379536151886
5223,0.14453154802322388
5224,0.3043670952320099
5225,0.22765912115573883
5226,0.08184231072664261
5227,0.06572813540697098
5228,0.03839385509490967
5229,0.26354658603668213
5230,0.06328168511390686
5231,0.23993663489818573
5232,0.28243449330329895
5233,0.23506346344947815
5234,0.23428307473659515
5235,0.14639469981193542
5236,0.21376819908618927
5237,0.21274089813232422
5238,0.28662389516830444
5239,0.10353976488113403
5240,0.12996543943881989
5241,0.03506661206483841
5242,0.06978780776262283
5243,0.08278189599514008
5244,0.10344354808330536
5245,0.03419748321175575
5246,0.30581021308898926
5247,-0.06258518248796463
5248,0.2361283153295517
5249,0.04027465358376503
5250,0.17223215103149414
5251,0.052676886320114136
5252,0.1699305921792984
5253,0.3840010166168213
5254,-0.1302754133939743
5255,0.005115953274071217
5256,0.12181375920772552
5257,-0.015939047560095787
5258,-0.07445546984672546
5259,0.07174194604158401
5260,-0.07507026940584183
5261,0.07907342910766602
5262,0.03310008719563484
5263,0.1250213235616684
5264,0.12094753235578537
5265,0.37198731303215027
5266,0.39634329080581665
5267,0.49187564849853516
5268,0.18710486590862274
5269,0.2604554295539856
5270,0.24712754786014557
5271,0.20614105463027954
5272,0.39571070671081543
5273,0.10806100070476532
5274,0.4088640511035919
5275,0.08221285790205002
5276,0.17599114775657654
5277,0.4073236584663391
5278,0.0038722874596714973
5279,0.2719630002975464
5280,0.47146010398864746
5281,0.18404711782932281
5282,0.09540495276451111
5283,-0.09568491578102112
5284,0.08298686146736145
5285,0.2527282238006592
5286,0.11629138141870499
5287,0.33120402693748474
5288,0.13159793615341187
5289,0.1329750269651413
5290,-0.027273762971162796
5291,0.12623156607151031
5292,0.1836009919643402
5293,0.4105044901371002
5294,0.15812700986862183
5295,0.20920813083648682
5296,0.2555997371673584
5297,0.42501285672187805
5298,0.2221575826406479
5299,-0.060780204832553864
5300,0.0406426377594471
5301,0.1325739175081253
5302,0.09821956604719162
5303,0.25208693742752075
5304,0.13052836060523987
5305,0.06861347705125809
5306,0.3621266484260559
5307,0.16209770739078522
5308,-0.023251786828041077
5309,0.07210537046194077
5310,0.28414222598075867
5311,0.36606869101524353
5312,-0.11217617243528366
5313,0.48265403509140015
5314,0.17013542354106903
5315,-0.06560340523719788
5316,0.42170006036758423
5317,-0.06440910696983337
5318,0.211009219288826
5319,0.05327368900179863
5320,0.3958223760128021
5321,-0.10550966113805771
5322,0.18872104585170746
5323,0.512028157711029
5324,0.5104051232337952
5325,0.13241642713546753
5326,0.04617329686880112
5327,0.030349411070346832
5328,0.10087627172470093
5329,0.199746236205101
5330,0.16133446991443634
5331,0.16953183710575104
5332,0.3076968193054199
5333,0.3213425874710083
5334,0.13967201113700867
5335,0.184326633810997
5336,0.15762199461460114
5337,0.26791414618492126
5338,0.12239911407232285
5339,0.02418159879744053
5340,0.32737603783607483
5341,0.3532785475254059
5342,0.19504664838314056
5343,-0.014095877297222614
5344,0.12437936663627625
5345,0.42739900946617126
5346,0.48917707800865173
5347,0.0740807056427002
5348,0.16521039605140686
5349,0.32463955879211426
5350,0.10009774565696716
5351,0.3131709098815918
5352,0.054183248430490494
5353,0.48892369866371155
5354,0.3121986389160156
5355,0.25210487842559814
5356,0.3889871835708618
5357,0.14139395952224731
5358,0.24611328542232513
5359,0.05450785160064697
5360,0.16430966556072235
5361,0.07845082879066467
5362,0.41491585969924927
5363,0.5571840405464172
5364,0.11826539784669876
5365,0.3253314197063446
5366,0.3815613090991974
5367,0.4041726291179657
5368,0.3159911036491394
5369,0.19323605298995972
5370,0.1399986892938614
5371,0.21279937028884888
5372,0.13608334958553314
5373,0.2686174213886261
5374,0.15361103415489197
5375,0.4083707928657532
5376,0.2608421742916107
5377,0.18662647902965546
5378,0.2251908928155899
5379,0.10723670572042465
5380,0.14313998818397522
5381,0.4636234641075134
5382,0.22281193733215332
5383,0.22673989832401276
5384,0.0921870693564415
5385,0.13087372481822968
5386,0.474664568901062
5387,-0.01970095746219158
5388,0.23222528398036957
5389,0.17802013456821442
5390,0.008358594961464405
5391,0.1615450382232666
5392,0.40440797805786133
5393,0.4694787859916687
5394,0.1920696645975113
5395,0.14228259027004242
5396,0.47992441058158875
5397,0.19255372881889343
5398,0.02713536098599434
5399,0.1712174117565155
5400,0.3425823152065277
5401,0.12053925544023514
5402,0.14475204050540924
5403,0.4303549826145172
5404,0.45824307203292847
5405,0.07943499833345413
5406,0.08190542459487915
5407,0.25095483660697937
5408,0.06471680104732513
5409,0.008617938496172428
5410,0.10194657742977142
5411,0.12486643344163895
5412,0.3227408528327942
5413,0.030261173844337463
5414,0.07350867241621017
5415,0.3151874542236328
5416,0.16836531460285187
5417,0.3852601647377014
5418,-0.09812396764755249
5419,0.16806058585643768
5420,0.18835866451263428
5421,0.05339927598834038
5422,0.1410168707370758
5423,0.01466806698590517
5424,0.17440979182720184
5425,0.3872382640838623
5426,0.08177846670150757
5427,0.24415872991085052
5428,0.0383785143494606
5429,0.5490890145301819
5430,0.09656455367803574
5431,0.1430666148662567
5432,0.10832035541534424
5433,-0.0014154642121866345
5434,0.09212926775217056
5435,0.03844602406024933
5436,-0.0007526924018748105
5437,0.2317717969417572
5438,0.23472242057323456
5439,0.05011369287967682
5440,0.06472233682870865
5441,0.38325339555740356
5442,0.14418399333953857
5443,-0.07455182820558548
5444,0.6004632711410522
5445,0.5106181502342224
5446,0.3389732241630554
5447,0.15833307802677155
5448,0.16877532005310059
5449,0.34493786096572876
5450,0.29810959100723267
5451,0.06923741102218628
5452,0.44984450936317444
5453,0.01197732612490654
5454,0.008052336983382702
5455,0.4439467191696167
5456,0.1755361557006836
5457,0.28552716970443726
5458,-0.00441540265455842
5459,0.04948638752102852
5460,0.045965526252985
5461,0.10330575704574585
5462,0.3415760397911072
5463,0.24513477087020874
5464,0.10300005227327347
5465,0.3213321566581726
5466,-0.08586125820875168
5467,0.36224275827407837
5468,0.10156586021184921
5469,0.2100616842508316
5470,0.15722835063934326
5471,0.11207929253578186
5472,0.08995579928159714
5473,-0.03519844636321068
5474,0.15622910857200623
5475,0.030016832053661346
5476,0.11801334470510483
5477,0.5093475580215454
5478,0.2131950855255127
5479,0.2402036190032959
5480,0.2415185570716858
5481,0.5265234112739563
5482,0.3184797465801239
5483,0.034807611256837845
5484,0.4137292802333832
5485,0.25294992327690125
5486,0.4349536895751953
5487,0.5356185436248779
5488,0.28853344917297363
5489,0.2031940519809723
5490,0.0774679183959961
5491,0.5498331785202026
5492,0.13336849212646484
5493,0.17622308433055878
5494,0.16235820949077606
5495,0.5026242136955261
5496,0.0160182174295187
5497,0.1680600345134735
5498,0.002621081657707691
5499,0.5536621809005737
5500,0.04360806569457054
5501,0.1369568258523941
5502,0.28385674953460693
5503,0.10330288857221603
5504,0.096677266061306
5505,0.042707644402980804
5506,0.5541807413101196
5507,0.12292882055044174
5508,0.2275388389825821
5509,0.1925056129693985
5510,0.006365232635289431
5511,0.494087815284729
5512,0.20241005718708038
5513,0.036932848393917084
5514,0.03780043125152588
5515,0.23032961785793304
5516,-0.08851232379674911
5517,0.23255354166030884
5518,0.1428150236606598
5519,0.4401644766330719
5520,0.43121129274368286
5521,0.04950728639960289
5522,-0.07184614986181259
5523,0.20628266036510468
5524,0.4018636643886566
5525,0.1489349901676178
5526,0.17783118784427643
5527,0.06195421889424324
5528,5.54293546883855e-05
5529,0.1349201202392578
5530,0.37549203634262085
5531,-0.039305564016103745
5532,0.16706594824790955
5533,0.12794733047485352
5534,0.5659775137901306
5535,-0.08271089196205139
5536,-0.05686527490615845
5537,0.2547421157360077
5538,0.3566994071006775
5539,0.06786049157381058
5540,0.25606924295425415
5541,0.11058849841356277
5542,0.15595179796218872
5543,0.5027766227722168
5544,0.13137342035770416
5545,0.0742439404129982
5546,0.18642446398735046
5547,-0.06172245740890503
5548,0.5426357984542847
5549,0.34907862544059753
5550,0.33949318528175354
5551,0.16954557597637177
5552,0.189388707280159
5553,0.1187761053442955
5554,0.09603849798440933
5555,0.32312431931495667
5556,0.1165185198187828
5557,0.2788921594619751
5558,0.46751973032951355
5559,0.12699367105960846
5560,0.1727122813463211
5561,0.22586841881275177
5562,0.1538645327091217
5563,0.13957278430461884
5564,-0.06969177722930908
5565,0.04566609859466553
5566,0.060142774134874344
5567,0.2135336995124817
5568,0.15417851507663727
5569,0.04169971123337746
5570,0.12374075502157211
5571,0.1893998384475708
5572,0.2272985428571701
5573,0.03329361602663994
5574,0.06013578176498413
5575,0.33573150634765625
5576,0.19162769615650177
5577,0.10350094735622406
5578,0.10682640969753265
5579,0.06655682623386383
5580,0.1834547072649002
5581,0.09981218725442886
5582,0.10940304398536682
5583,0.09041383862495422
5584,0.2431270182132721
5585,0.06854234635829926
5586,0.06358148157596588
5587,0.1780928373336792
5588,0.27820807695388794
5589,0.19456973671913147
5590,0.14011360704898834
5591,0.1102532297372818
5592,0.06563232839107513
5593,0.12480951845645905
5594,0.1915426254272461
5595,-0.021253541111946106
5596,-0.020100785419344902
5597,0.083710677921772
5598,0.2020433098077774
5599,0.02984420582652092
5600,-0.11700893193483353
5601,0.2018900215625763
5602,0.26491832733154297
5603,0.06122893840074539
5604,0.11514554917812347
5605,0.17715813219547272
5606,-0.003494652220979333
5607,0.23342125117778778
5608,-0.0006788333994336426
5609,0.26523062586784363
5610,0.08562139421701431
5611,0.3350299894809723
5612,0.024075178429484367
5613,0.05537324398756027
5614,0.21134139597415924
5615,0.2207489162683487
5616,0.10620824247598648
5617,0.21144933998584747
5618,0.22857573628425598
5619,0.019991429522633553
5620,0.17914752662181854
5621,0.30649423599243164
5622,0.1393551379442215
5623,0.23712749779224396
5624,0.26930126547813416
5625,0.11596838384866714
5626,0.08896485716104507
5627,0.39981329441070557
5628,0.012777975760400295
5629,0.16229569911956787
5630,0.005257730837911367
5631,0.03494078293442726
5632,0.024307765066623688
5633,0.48828908801078796
5634,0.25217345356941223
5635,-0.0028640248347073793
5636,0.42482802271842957
5637,0.05512262135744095
5638,-0.06899586319923401
5639,0.4604283571243286
5640,0.10421843826770782
5641,0.2575359642505646
5642,0.12164480239152908
5643,0.05411490052938461
5644,0.012501579709351063
5645,0.14506936073303223
5646,0.016245920211076736
5647,0.2943859398365021
5648,0.18694405257701874
5649,0.15116062760353088
5650,0.17378737032413483
5651,0.03816140070557594
5652,0.07809256762266159
5653,0.14144787192344666
5654,0.17159555852413177
5655,0.06972821056842804
5656,0.09199381619691849
5657,0.4833987057209015
5658,0.13242608308792114
5659,0.11911828815937042
5660,0.08460421860218048
5661,0.1258208006620407
5662,0.09188374876976013
5663,0.4729982614517212
5664,0.2186349630355835
5665,0.1499694287776947
5666,0.3340470492839813
5667,-0.007917630486190319
5668,0.3472042381763458
5669,0.23001733422279358
5670,0.19119569659233093
5671,0.4523841142654419
5672,0.05990622565150261
5673,0.19859890639781952
5674,0.08423390984535217
5675,0.1861187070608139
5676,0.15509237349033356
5677,0.016036927700042725
5678,0.06359941512346268
5679,0.06357767432928085
5680,0.16213390231132507
5681,0.016001682728528976
5682,0.3511214554309845
5683,0.10206445306539536
5684,0.09524654597043991
5685,0.41282638907432556
5686,0.2711044251918793
5687,0.1438182294368744
5688,0.09343905746936798
5689,0.1260206401348114
5690,0.10700275748968124
5691,0.18421782553195953
5692,0.3960689306259155
5693,0.38863056898117065
5694,0.34665727615356445
5695,0.07446829974651337
5696,-0.05845359340310097
5697,0.06706666201353073
5698,0.24078688025474548
5699,-0.029177464544773102
5700,0.10585291683673859
5701,0.38244500756263733
5702,0.1541687250137329
5703,0.4783107042312622
5704,0.0818268358707428
5705,0.20938709378242493
5706,0.261186420917511
5707,0.17361842095851898
5708,0.11404974013566971
5709,0.12333779036998749
5710,0.16297337412834167
5711,0.20974165201187134
5712,0.34448352456092834
5713,0.06241593137383461
5714,0.11561156064271927
5715,0.12326611578464508
5716,0.13611435890197754
5717,0.12737074494361877
5718,0.08815356343984604
5719,0.058481764048337936
5720,0.03635073080658913
5721,0.48323360085487366
5722,0.09186063706874847
5723,0.12611909210681915
5724,0.22782641649246216
5725,0.27199241518974304
5726,0.14449113607406616
5727,0.2837775945663452
5728,0.1097702905535698
5729,0.09511665999889374
5730,0.23949189484119415
5731,0.049095433205366135
5732,0.3061114251613617
5733,0.018518054857850075
5734,-0.10268042236566544
5735,0.1685231775045395
5736,0.30934980511665344
5737,0.10382389277219772
5738,0.2621958553791046
5739,0.3276699483394623
5740,0.18698258697986603
5741,0.5373660922050476
5742,-0.07806437462568283
5743,0.13320861756801605
5744,0.43237608671188354
5745,0.01413476187735796
5746,0.38575682044029236
5747,0.28978589177131653
5748,0.25022223591804504
5749,0.0963696762919426
5750,0.1734715849161148
5751,0.4190391004085541
5752,0.39730095863342285
5753,-0.004065279848873615
5754,0.18943259119987488
5755,0.36972928047180176
5756,0.07880430668592453
5757,0.4703207015991211
5758,0.029726559296250343
5759,0.23515452444553375
5760,0.09024112671613693
5761,0.3836174011230469
5762,0.4364291727542877
5763,0.22920183837413788
5764,0.21478703618049622
5765,0.4038888216018677
5766,0.4140658378601074
5767,0.19553685188293457
5768,0.16732348501682281
5769,0.024860629811882973
5770,0.17562565207481384
5771,-0.0290274266153574
5772,0.271084189414978
5773,0.01704581454396248
5774,0.037333983927965164
5775,0.01752176322042942
5776,0.04517068713903427
5777,0.05117093399167061
5778,0.26271647214889526
5779,-0.05599286034703255
5780,0.41828638315200806
5781,0.13829582929611206
5782,0.4361361563205719
5783,0.3496575355529785
5784,0.1230538859963417
5785,0.2394256293773651
5786,0.5181718468666077
5787,0.16424573957920074
5788,0.1651066243648529
5789,0.17703744769096375
5790,0.08720674365758896
5791,0.10829246044158936
5792,0.11053518205881119
5793,0.06328960508108139
5794,0.08922755718231201
5795,0.10031946748495102
5796,0.04933416098356247
5797,0.11397011578083038
5798,0.029263542965054512
5799,0.01911834254860878
5800,-0.060780126601457596
5801,0.21196497976779938
5802,0.20398950576782227
5803,0.13119037449359894
5804,0.17228461802005768
5805,0.18211127817630768
5806,0.19413384795188904
5807,0.22985906898975372
5808,0.18795466423034668
5809,0.0888906866312027
5810,0.38189035654067993
5811,0.2761378884315491
5812,0.4447435140609741
5813,0.19305117428302765
5814,-0.07072793692350388
5815,0.1767178475856781
5816,0.0068162898533046246
5817,0.05029234662652016
5818,0.025402246043086052
5819,0.4707241356372833
5820,0.4459967613220215
5821,0.14821000397205353
5822,0.021203920245170593
5823,0.12248635292053223
5824,0.2448384016752243
5825,0.10004189610481262
5826,0.030504737049341202
5827,0.3052296042442322
5828,0.4237382113933563
5829,0.22772027552127838
5830,-0.010368095710873604
5831,0.10918688774108887
5832,0.2736656367778778
5833,0.22625727951526642
5834,0.5278803706169128
5835,0.08821693807840347
5836,0.3434206247329712
5837,0.006911708973348141
5838,0.18151144683361053
5839,-0.032741937786340714
5840,0.22101689875125885
5841,-0.06873635202646255
5842,0.33520570397377014
5843,0.09289423376321793
5844,0.15582327544689178
5845,0.3151980936527252
5846,0.1847034990787506
5847,0.0665581077337265
5848,0.1071239560842514
5849,0.17098218202590942
5850,0.1617734730243683
5851,0.4972562789916992
5852,0.09520968794822693
5853,0.08090036362409592
5854,0.15230406820774078
5855,0.22597037255764008
5856,0.2847239673137665
5857,0.3217497766017914
5858,0.07106032222509384
5859,0.22516806423664093
5860,0.25846588611602783
5861,0.3168173134326935
5862,0.1844407618045807
5863,-0.09230514615774155
5864,0.089952252805233
5865,0.24700480699539185
5866,0.1141466572880745
5867,0.12071099877357483
5868,0.08030682802200317
5869,-0.05076681077480316
5870,0.1035979762673378
5871,0.08560788631439209
5872,0.10166056454181671
5873,0.3991300165653229
5874,0.12829193472862244
5875,0.1915024369955063
5876,0.4523226022720337
5877,0.23452508449554443
5878,0.32667288184165955
5879,0.113822802901268
5880,0.013986025005578995
5881,0.42256152629852295
5882,0.2177118957042694
5883,0.4395400583744049
5884,0.43488138914108276
5885,0.09648915380239487
5886,0.023593313992023468
5887,0.042185649275779724
5888,0.17767268419265747
5889,0.27158868312835693
5890,0.0030518868006765842
5891,0.22340671718120575
5892,0.05953827500343323
5893,0.02832489088177681
5894,-0.07801822572946548
5895,0.07839402556419373
5896,0.12908774614334106
5897,0.42809659242630005
5898,0.4039677083492279
5899,0.22445878386497498
5900,0.21671108901500702
5901,0.4267510771751404
5902,0.44754862785339355
5903,0.004722011741250753
5904,0.05783906206488609
5905,0.09521583467721939
5906,0.11427398771047592
5907,0.03194529935717583
5908,0.13314618170261383
5909,0.09919991344213486
5910,0.07758863270282745
5911,0.321511834859848
5912,-0.0067781927064061165
5913,0.21123851835727692
5914,0.3806690275669098
5915,0.4004954695701599
5916,0.2204420566558838
5917,0.1883062869310379
5918,0.2561247944831848
5919,0.013767584227025509
5920,0.27313515543937683
5921,0.1591358333826065
5922,0.1004653126001358
5923,0.07006458938121796
5924,-0.10439202189445496
5925,0.10603838413953781
5926,0.2189554125070572
5927,0.13386449217796326
5928,0.4560818672180176
5929,0.09719416499137878
5930,0.11321306973695755
5931,0.5232920050621033
5932,0.5850329399108887
5933,0.27912020683288574
5934,0.16450990736484528
5935,0.16288910806179047
5936,0.01722691021859646
5937,0.08201088756322861
5938,-0.020779674872756004
5939,0.057488422840833664
5940,0.12515932321548462
5941,-0.02345948852598667
5942,0.1348416805267334
5943,-0.03099270723760128
5944,0.07166381180286407
5945,0.030090730637311935
5946,0.4796229898929596
5947,0.24358141422271729
5948,0.22301000356674194
5949,0.29014265537261963
5950,-0.03949908912181854
5951,0.5807360410690308
5952,0.2804218530654907
5953,0.03419826552271843
5954,0.1553022265434265
5955,0.10358487069606781
5956,0.07651235163211823
5957,0.5227710008621216
5958,0.15674537420272827
5959,0.0761440321803093
5960,0.46168291568756104
5961,0.1042572483420372
5962,0.11054494976997375
5963,0.11213536560535431
5964,0.15284942090511322
5965,0.05932783707976341
5966,0.24751363694667816
5967,0.012614444829523563
5968,0.1689511090517044
5969,0.29777151346206665
5970,0.057851288467645645
5971,0.20611301064491272
5972,0.1264483481645584
5973,0.3028869926929474
5974,0.17870427668094635
5975,0.305869460105896
5976,0.17347882688045502
5977,0.24376541376113892
5978,0.2589726746082306
5979,0.3062439560890198
5980,-0.05258391797542572
5981,0.07949725538492203
5982,0.5653086304664612
5983,-0.01883254386484623
5984,0.08174950629472733
5985,0.29132264852523804
5986,0.17954766750335693
5987,0.005335613619536161
5988,0.0562535859644413
5989,0.14958050847053528
5990,0.18395909667015076
5991,0.014264794997870922
5992,0.04609968513250351
5993,0.0430012047290802
5994,0.16783511638641357
5995,0.2402239292860031
5996,0.007242254912853241
5997,-0.1350354552268982
5998,0.2529286742210388
5999,-0.11435181647539139
6000,0.1998213231563568
6001,0.15823398530483246
6002,0.13481274247169495
6003,0.2844974398612976
6004,-0.11715932190418243
6005,0.03195066750049591
6006,0.0822833999991417
6007,0.08734048902988434
6008,-0.07142157852649689
6009,0.2860462963581085
6010,0.18035383522510529
6011,0.18365934491157532
6012,0.1652132272720337
6013,0.3670569360256195
6014,-0.14289827644824982
6015,-0.037794534116983414
6016,0.010700580663979053
6017,0.11592389643192291
6018,0.04455888643860817
6019,0.13810290396213531
6020,0.2979799211025238
6021,-0.1396162211894989
6022,0.12932747602462769
6023,0.11424259841442108
6024,0.2107754498720169
6025,-0.02267896942794323
6026,0.47482186555862427
6027,0.1938636749982834
6028,0.1296553760766983
6029,0.12626290321350098
6030,0.05554448813199997
6031,0.12139184772968292
6032,0.08385271579027176
6033,0.4967236816883087
6034,0.23538446426391602
6035,0.1617913544178009
6036,0.13040529191493988
6037,0.41561681032180786
6038,0.04474634677171707
6039,0.08856344223022461
6040,0.05658796802163124
6041,0.20902331173419952
6042,0.06518381834030151
6043,0.0370405912399292
6044,0.018068810924887657
6045,-0.08169500529766083
6046,0.3187507092952728
6047,0.30093804001808167
6048,0.04543449729681015
6049,0.1435151994228363
6050,0.10335515439510345
6051,0.09158766269683838
6052,0.11338711529970169
6053,-0.08847573399543762
6054,0.24101537466049194
6055,0.4559401869773865
6056,0.27456754446029663
6057,0.14197295904159546
6058,0.02832604944705963
6059,0.11733593046665192
6060,0.02790028415620327
6061,0.4891023337841034
6062,0.5642703175544739
6063,0.007515821605920792
6064,0.08899781852960587
6065,0.2982860505580902
6066,0.15420137345790863
6067,0.0790238305926323
6068,0.1869802474975586
6069,0.1560560166835785
6070,0.3464844226837158
6071,0.5339813828468323
6072,0.08981505036354065
6073,0.10671617835760117
6074,0.1730213761329651
6075,0.5082901120185852
6076,0.0973849669098854
6077,0.04643360897898674
6078,0.4365392029285431
6079,0.27488455176353455
6080,0.12788021564483643
6081,0.08222343772649765
6082,0.37888985872268677
6083,0.4203510880470276
6084,0.4179053008556366
6085,0.07829808443784714
6086,0.1932653933763504
6087,0.5927194952964783
6088,-0.004340288694947958
6089,0.2130887657403946
6090,0.3985496163368225
6091,0.2436036765575409
6092,0.03590068593621254
6093,0.06388978660106659
6094,0.12004052102565765
6095,0.42363980412483215
6096,0.16422832012176514
6097,0.27460700273513794
6098,0.08900703489780426
6099,0.10602285712957382
6100,0.05992359668016434
6101,0.12426137924194336
6102,0.4502199590206146
6103,0.07174884527921677
6104,0.07952394336462021
6105,0.18004097044467926
6106,0.34760206937789917
6107,0.08285697549581528
6108,0.1317436844110489
6109,0.17965105175971985
6110,0.10453148931264877
6111,-0.0013465291121974587
6112,0.5272694826126099
6113,0.19823439419269562
6114,0.4347018599510193
6115,0.28214970231056213
6116,0.08078537881374359
6117,0.43702688813209534
6118,0.12425585836172104
6119,-0.05278148129582405
6120,0.3043896555900574
6121,0.5193610191345215
6122,0.019998135045170784
6123,0.11327847838401794
6124,0.024469606578350067
6125,0.4826783835887909
6126,0.13321790099143982
6127,0.15061160922050476
6128,0.07853832095861435
6129,0.17235605418682098
6130,0.15973402559757233
6131,0.1546318680047989
6132,0.0840395838022232
6133,-0.0805220976471901
6134,0.04328855127096176
6135,0.5006083250045776
6136,0.346670538187027
6137,-0.02894899807870388
6138,0.14693136513233185
6139,0.11507758498191833
6140,0.03208111971616745
6141,0.013322647660970688
6142,-0.01915186084806919
6143,0.15463869273662567
6144,0.08153250068426132
6145,0.10807109624147415
6146,0.06814612448215485
6147,0.08899414539337158
6148,0.07105246931314468
6149,0.037021469324827194
6150,0.12165486067533493
6151,0.056840863078832626
6152,0.18293756246566772
6153,0.10014940053224564
6154,0.15042130649089813
6155,0.05070904269814491
6156,0.3810732662677765
6157,0.1648794561624527
6158,0.21023324131965637
6159,0.14019113779067993
6160,0.43575671315193176
6161,0.15530063211917877
6162,0.24665428698062897
6163,0.4096561372280121
6164,-0.04361501336097717
6165,0.056222010403871536
6166,0.24507056176662445
6167,0.2593719959259033
6168,0.22727543115615845
6169,0.5191154479980469
6170,0.48678478598594666
6171,0.1823316067457199
6172,0.06488191336393356
6173,0.029879027977585793
6174,0.46815624833106995
6175,-0.05374394357204437
6176,0.5711126923561096
6177,0.15479189157485962
6178,0.2059049755334854
6179,0.06959810107946396
6180,-0.054487813264131546
6181,0.14253878593444824
6182,0.11026943475008011
6183,0.09726399183273315
6184,0.13025440275669098
6185,0.09564228355884552
6186,0.14523695409297943
6187,0.0973210334777832
6188,0.16293373703956604
6189,0.16957512497901917
6190,0.39522045850753784
6191,-0.03261210024356842
6192,0.2891857624053955
6193,0.27585849165916443
6194,0.10806930810213089
6195,0.17810609936714172
6196,0.1313926726579666
6197,0.29801586270332336
6198,0.22690925002098083
6199,0.2165643572807312
6200,0.19135472178459167
6201,-0.01073206402361393
6202,0.1831909716129303
6203,-0.00374097959138453
6204,0.34342411160469055
6205,0.13278967142105103
6206,0.0807764083147049
6207,0.18264734745025635
6208,0.21622732281684875
6209,0.13774529099464417
6210,0.14287054538726807
6211,0.31469300389289856
6212,0.3134496510028839
6213,0.20086970925331116
6214,0.28128668665885925
6215,-0.02996082976460457
6216,0.23479555547237396
6217,0.25550058484077454
6218,0.21482029557228088
6219,0.0195565614849329
6220,0.21610885858535767
6221,0.25338801741600037
6222,0.25292322039604187
6223,0.3997895419597626
6224,0.04743761569261551
6225,0.25172653794288635
6226,0.04951464384794235
6227,0.015980390831828117
6228,0.07757497578859329
6229,0.31966865062713623
6230,0.3900812864303589
6231,0.07446138560771942
6232,0.424782931804657
6233,-0.05637852102518082
6234,0.11003255099058151
6235,0.38632145524024963
6236,0.18901245296001434
6237,0.10679581761360168
6238,0.1782071441411972
6239,0.1299397051334381
6240,0.11165782809257507
6241,0.08739754557609558
6242,0.16916467249393463
6243,0.3841816484928131
6244,0.4539955258369446
6245,0.44676536321640015
6246,0.41296908259391785
6247,-0.11779619008302689
6248,0.3411145806312561
6249,0.3266527056694031
6250,0.13562807440757751
6251,0.5024616718292236
6252,0.04703746736049652
6253,0.052135445177555084
6254,0.19294406473636627
6255,-0.08258040249347687
6256,0.3757275342941284
6257,0.08373592048883438
6258,-0.007784759160131216
6259,0.2661740481853485
6260,-0.015831734985113144
6261,0.33091768622398376
6262,0.08270610123872757
6263,0.12359478324651718
6264,0.08039712905883789
6265,0.5809038281440735
6266,0.5260736346244812
6267,0.009816017001867294
6268,0.24245744943618774
6269,0.22772347927093506
6270,0.02539931982755661
6271,0.08250711113214493
6272,0.23057302832603455
6273,0.5409523844718933
6274,0.30491748452186584
6275,0.07059413194656372
6276,0.02195436879992485
6277,0.12943655252456665
6278,0.20654772222042084
6279,0.11745863407850266
6280,0.12270977348089218
6281,0.3158266544342041
6282,0.5319787263870239
6283,0.43055492639541626
6284,0.14206357300281525
6285,0.531522274017334
6286,0.2195104956626892
6287,-0.1169082522392273
6288,0.5718845129013062
6289,0.15886878967285156
6290,0.04216468334197998
6291,0.1555047184228897
6292,0.17952081561088562
6293,0.25994300842285156
6294,0.290508896112442
6295,0.3787417411804199
6296,0.16323478519916534
6297,0.031057341024279594
6298,0.2747381031513214
6299,0.45046913623809814
6300,0.16055306792259216
6301,0.04200649634003639
6302,0.11093589663505554
6303,0.04474586620926857
6304,0.5476811528205872
6305,0.16469205915927887
6306,0.46772101521492004
6307,0.1982756406068802
6308,0.2894470691680908
6309,0.36619073152542114
6310,0.5748494863510132
6311,0.5624427199363708
6312,0.22730585932731628
6313,0.07099418342113495
6314,0.08895834535360336
6315,0.43971991539001465
6316,0.21679221093654633
6317,0.1294134557247162
6318,0.5743016004562378
6319,0.3069716989994049
6320,0.1237793117761612
6321,0.21986597776412964
6322,0.5621007084846497
6323,0.07872426509857178
6324,0.28724178671836853
6325,0.22930637001991272
6326,0.10255280137062073
6327,0.4455120861530304
6328,0.19796282052993774
6329,0.18864579498767853
6330,0.06752261519432068
6331,0.1332549899816513
6332,0.14928367733955383
6333,0.019531339406967163
6334,0.09425617009401321
6335,0.4443669617176056
6336,0.06214618682861328
6337,0.13997168838977814
6338,0.06214141473174095
6339,0.0017467713914811611
6340,0.04470561817288399
6341,0.5116061568260193
6342,0.18016651272773743
6343,0.24229437112808228
6344,0.24920447170734406
6345,0.3630743622779846
6346,0.06049006059765816
6347,0.10947294533252716
6348,0.03735145181417465
6349,0.5615239143371582
6350,0.43376943469047546
6351,0.16963596642017365
6352,0.23311109840869904
6353,0.3483581244945526
6354,0.5957059860229492
6355,0.03377983719110489
6356,0.5374622344970703
6357,0.4775538742542267
6358,0.5585456490516663
6359,0.17761379480361938
6360,0.11371023207902908
6361,0.1830706149339676
6362,0.14978322386741638
6363,0.49624425172805786
6364,0.02816806547343731
6365,0.066558837890625
6366,0.15015949308872223
6367,0.25668635964393616
6368,0.009462760761380196
6369,0.40679967403411865
6370,0.09378647059202194
6371,0.22882814705371857
6372,0.08414207398891449
6373,0.04706750810146332
6374,0.025579504668712616
6375,0.20908646285533905
6376,-0.019983401522040367
6377,0.19107747077941895
6378,0.08910048007965088
6379,0.13235320150852203
6380,0.30370479822158813
6381,0.6520736813545227
6382,0.34236326813697815
6383,0.3394690454006195
6384,0.040312569588422775
6385,0.20622766017913818
6386,0.15582819283008575
6387,0.5578276515007019
6388,-0.04569755494594574
6389,0.13910715281963348
6390,0.38837844133377075
6391,0.5806254744529724
6392,0.15501101315021515
6393,0.09716346859931946
6394,0.265051931142807
6395,0.5008436441421509
6396,0.17561765015125275
6397,0.5299164652824402
6398,0.24145318567752838
6399,0.1712430864572525
6400,0.058910150080919266
6401,0.30267807841300964
6402,0.24806426465511322
6403,0.29241424798965454
6404,0.11590413004159927
6405,0.4524376690387726
6406,0.04667752608656883
6407,0.3571067452430725
6408,0.37962397933006287
6409,0.2534351050853729
6410,0.06372605264186859
6411,0.10996498912572861
6412,0.20890359580516815
6413,0.4223301410675049
6414,0.10907985270023346
6415,0.07105420529842377
6416,0.18820248544216156
6417,0.21832332015037537
6418,0.10849500447511673
6419,0.10256059467792511
6420,0.12355394661426544
6421,0.12241022288799286
6422,0.34129706025123596
6423,0.08494449406862259
6424,-0.05573045089840889
6425,0.13588368892669678
6426,0.1292150318622589
6427,0.0890195220708847
6428,0.12177107483148575
6429,0.17969545722007751
6430,0.39541521668434143
6431,0.25620588660240173
6432,0.02925226092338562
6433,0.263088583946228
6434,0.15004287660121918
6435,0.31254705786705017
6436,0.42519092559814453
6437,0.20502610504627228
6438,0.38841480016708374
6439,0.055367257446050644
6440,0.4751375615596771
6441,0.09237226098775864
6442,0.06933922320604324
6443,0.1794201284646988
6444,0.17651395499706268
6445,0.42895805835723877
6446,0.43177735805511475
6447,0.1573760062456131
6448,0.09828931093215942
6449,0.22266751527786255
6450,0.14911048114299774
6451,0.09774557501077652
6452,0.4639591872692108
6453,0.15879054367542267
6454,0.06655807048082352
6455,0.38664674758911133
6456,0.16402065753936768
6457,-0.04995312914252281
6458,0.03625371307134628
6459,0.18912683427333832
6460,0.18875004351139069
6461,0.011072921566665173
6462,0.5353763103485107
6463,0.34633660316467285
6464,0.2565692663192749
6465,-0.04053882881999016
6466,0.2528727352619171
6467,0.2917000353336334
6468,0.36961376667022705
6469,0.08259411156177521
6470,-0.054770126938819885
6471,0.13629849255084991
6472,0.4332278370857239
6473,0.027777882292866707
6474,0.019556229934096336
6475,0.027766628190875053
6476,0.40386268496513367
6477,0.22560594975948334
6478,0.012063823640346527
6479,0.1676257997751236
6480,0.2476436346769333
6481,0.34381043910980225
6482,0.0943506583571434
6483,0.2170500010251999
6484,0.18475772440433502
6485,0.04111739248037338
6486,0.1023409366607666
6487,0.0724971666932106
6488,0.19087545573711395
6489,0.1685793548822403
6490,0.43944790959358215
6491,0.1210937350988388
6492,0.08308595418930054
6493,0.0946984812617302
6494,0.22719831764698029
6495,0.056934550404548645
6496,0.1045130044221878
6497,0.23019474744796753
6498,0.23784621059894562
6499,0.2902469336986542
6500,0.5232324004173279
6501,0.46925997734069824
6502,0.296173095703125
6503,0.16696643829345703
6504,0.1172831729054451
6505,0.575217068195343
6506,-0.045989908277988434
6507,0.11973471939563751
6508,0.09341259300708771
6509,0.3267260193824768
6510,0.0944073274731636
6511,0.1979147046804428
6512,0.05529283359646797
6513,0.121454156935215
6514,0.06888166069984436
6515,0.17296944558620453
6516,0.13434933125972748
6517,0.2597487270832062
6518,0.2513156533241272
6519,0.23831970989704132
6520,0.16126643121242523
6521,0.13199152052402496
6522,0.2146068811416626
6523,0.1535634994506836
6524,0.17494899034500122
6525,0.1070241928100586
6526,0.4615565836429596
6527,0.15650609135627747
6528,0.25015732645988464
6529,0.22162245213985443
6530,0.3593169152736664
6531,0.11013498902320862
6532,0.17548519372940063
6533,0.1232398971915245
6534,0.2168123871088028
6535,0.12471871823072433
6536,0.42229241132736206
6537,0.17044803500175476
6538,0.1773858368396759
6539,0.23092323541641235
6540,0.4727156460285187
6541,0.04098394513130188
6542,0.08643980324268341
6543,0.5519558787345886
6544,0.23062323033809662
6545,0.410383015871048
6546,0.2880207300186157
6547,0.04750073328614235
6548,0.16561058163642883
6549,0.11818939447402954
6550,0.18927304446697235
6551,0.12560613453388214
6552,0.007242623716592789
6553,-0.0030923797748982906
6554,0.03625405207276344
6555,0.1963370144367218
6556,0.3130788207054138
6557,0.19775360822677612
6558,0.16991977393627167
6559,0.17357705533504486
6560,0.5079160928726196
6561,0.4740366041660309
6562,-0.005873493850231171
6563,0.3290862441062927
6564,0.5699061751365662
6565,0.329242467880249
6566,0.00189512490760535
6567,0.19757165014743805
6568,0.11135388165712357
6569,0.1903310865163803
6570,0.2534997761249542
6571,0.18467803299427032
6572,0.09609130024909973
6573,0.17799147963523865
6574,0.34032654762268066
6575,0.14951030910015106
6576,0.13047531247138977
6577,0.0056423223577439785
6578,0.14030133187770844
6579,0.294656902551651
6580,0.4391571879386902
6581,0.10066020488739014
6582,0.10958513617515564
6583,0.11729464679956436
6584,0.17856886982917786
6585,0.5656571984291077
6586,0.38525983691215515
6587,0.5869534611701965
6588,0.1809242218732834
6589,0.11517023295164108
6590,0.18504799902439117
6591,0.3586532771587372
6592,0.34175050258636475
6593,0.06080135330557823
6594,0.3476088345050812
6595,0.2427293211221695
6596,0.17013074457645416
6597,0.5784215331077576
6598,0.5566956400871277
6599,0.08691848069429398
6600,0.12129959464073181
6601,0.21460065245628357
6602,0.3939678966999054
6603,0.15174661576747894
6604,0.13205456733703613
6605,0.09385177493095398
6606,0.5653052926063538
6607,0.3049798607826233
6608,0.42878279089927673
6609,0.41660451889038086
6610,0.028944505378603935
6611,0.4771636426448822
6612,0.3920993208885193
6613,0.16063958406448364
6614,0.20379897952079773
6615,0.4990600347518921
6616,0.22705350816249847
6617,0.09850755333900452
6618,0.1308392435312271
6619,0.17352531850337982
6620,0.4367014169692993
6621,0.18293577432632446
6622,0.03079252503812313
6623,0.3555244505405426
6624,0.19238784909248352
6625,0.22819124162197113
6626,0.18311184644699097
6627,0.13578800857067108
6628,0.062427204102277756
6629,0.2906706929206848
6630,0.22557592391967773
6631,0.5650251507759094
6632,0.15063978731632233
6633,0.29992005228996277
6634,0.22975730895996094
6635,0.0915447250008583
6636,0.31400179862976074
6637,0.11199822276830673
6638,0.18149042129516602
6639,0.06668701022863388
6640,0.11440858989953995
6641,0.056092239916324615
6642,-0.011656690388917923
6643,0.15944045782089233
6644,0.038477908819913864
6645,0.6365732550621033
6646,0.13707886636257172
6647,0.27098405361175537
6648,0.048855919390916824
6649,0.17278601229190826
6650,0.14914292097091675
6651,0.22179728746414185
6652,0.5835370421409607
6653,0.6796403527259827
6654,0.29323041439056396
6655,0.15057624876499176
6656,0.11403291672468185
6657,0.17200182378292084
6658,0.08931054919958115
6659,0.2882489860057831
6660,0.10246001929044724
6661,0.4914613962173462
6662,-0.0034833168610930443
6663,0.07053341716527939
6664,0.13533756136894226
6665,0.10957188159227371
6666,0.1678617298603058
6667,-0.07501260936260223
6668,0.45161959528923035
6669,0.5838947892189026
6670,0.27355682849884033
6671,0.3464660346508026
6672,0.14735279977321625
6673,0.07804737240076065
6674,0.23611588776111603
6675,0.2833549380302429
6676,-0.035399504005908966
6677,0.2673376798629761
6678,0.09708358347415924
6679,0.04383918642997742
6680,0.13818341493606567
6681,-0.005602706223726273
6682,0.17225059866905212
6683,0.051569800823926926
6684,0.17129389941692352
6685,0.24613437056541443
6686,0.12966004014015198
6687,0.4432787597179413
6688,0.04732229560613632
6689,0.13219095766544342
6690,0.6140885949134827
6691,0.5940887928009033
6692,0.1596735119819641
6693,0.05902803689241409
6694,0.056634966284036636
6695,0.03338143974542618
6696,0.6060664653778076
6697,0.28667953610420227
6698,0.42968347668647766
6699,0.39438459277153015
6700,0.1339944303035736
6701,0.5916037559509277
6702,-0.1200045645236969
6703,0.1199960932135582
6704,0.31287631392478943
6705,0.10358066856861115
6706,0.09348533302545547
6707,0.14179354906082153
6708,0.5846245884895325
6709,0.22730934619903564
6710,0.5744129419326782
6711,0.2229473739862442
6712,0.25604504346847534
6713,0.4450587034225464
6714,0.14075177907943726
6715,0.13073678314685822
6716,0.0941353291273117
6717,0.22547751665115356
6718,0.17441454529762268
6719,-0.08473856747150421
6720,0.09013046324253082
6721,-0.0769648402929306
6722,-0.06593294441699982
6723,0.06901674717664719
6724,0.19249634444713593
6725,0.089189313352108
6726,0.07027139514684677
6727,0.19612696766853333
6728,0.39318859577178955
6729,0.09369386732578278
6730,0.12705804407596588
6731,0.16771073639392853
6732,0.1257445514202118
6733,0.38918477296829224
6734,0.2910507321357727
6735,0.21228106319904327
6736,0.21800793707370758
6737,-0.07873736321926117
6738,0.17012792825698853
6739,0.12176240235567093
6740,-0.013071426190435886
6741,0.3176233768463135
6742,0.2803003191947937
6743,0.04592946171760559
6744,0.20402167737483978
6745,0.16357651352882385
6746,0.47556403279304504
6747,-0.03858453407883644
6748,0.05952844396233559
6749,0.507505476474762
6750,0.10649348050355911
6751,0.11751668155193329
6752,0.1625005155801773
6753,0.07116972655057907
6754,0.0195968858897686
6755,0.07984541356563568
6756,0.1263776421546936
6757,-0.10386788100004196
6758,0.05293870344758034
6759,0.47090426087379456
6760,0.61716628074646
6761,0.31597840785980225
6762,0.1357797533273697
6763,-0.05336374044418335
6764,0.18942907452583313
6765,0.12133543193340302
6766,0.11523281037807465
6767,-0.00717037171125412
6768,0.13746517896652222
6769,0.6535342335700989
6770,-0.006477609742432833
6771,0.09098395705223083
6772,0.34243282675743103
6773,0.1896517276763916
6774,0.24893386662006378
6775,0.09969480335712433
6776,-0.1037852093577385
6777,0.5721592903137207
6778,0.48630279302597046
6779,0.47298622131347656
6780,-0.0408928245306015
6781,0.24267691373825073
6782,0.11851624399423599
6783,0.23947715759277344
6784,0.12769058346748352
6785,0.10843200236558914
6786,0.15702152252197266
6787,0.18539205193519592
6788,0.3656459450721741
6789,0.10263039171695709
6790,0.31550467014312744
6791,0.5835656523704529
6792,0.21135245263576508
6793,0.045953668653964996
6794,0.3339816927909851
6795,0.5496484637260437
6796,-0.010460556484758854
6797,0.06853549927473068
6798,0.4816960394382477
6799,0.37453705072402954
6800,0.3042306900024414
6801,-0.0012796472292393446
6802,0.2604007124900818
6803,0.49929261207580566
6804,0.5965984463691711
6805,0.08057044446468353
6806,0.28261706233024597
6807,0.011168457567691803
6808,0.17922671139240265
6809,0.29236042499542236
6810,0.39366257190704346
6811,0.1970818191766739
6812,0.3595464825630188
6813,0.19746005535125732
6814,0.2257647067308426
6815,0.12309180200099945
6816,0.33545923233032227
6817,0.40255478024482727
6818,0.030506456270813942
6819,0.2043389528989792
6820,0.08993973582983017
6821,0.44665077328681946
6822,0.5940006971359253
6823,-0.11360412836074829
6824,-0.0015368717722594738
6825,0.11434997618198395
6826,0.10976291447877884
6827,0.46481484174728394
6828,-0.11793501675128937
6829,0.23657473921775818
6830,-0.0002833347243722528
6831,0.17106589674949646
6832,0.4853895306587219
6833,0.1802910715341568
6834,0.1800946295261383
6835,0.4350265562534332
6836,0.08416137099266052
6837,0.5722329020500183
6838,-0.0113564133644104
6839,0.09575895220041275
6840,0.22902551293373108
6841,0.42854252457618713
6842,0.177073135972023
6843,0.2790229916572571
6844,0.09209197014570236
6845,0.12436303496360779
6846,0.2786201238632202
6847,0.17114920914173126
6848,0.46594128012657166
6849,0.4419441223144531
6850,0.11994080990552902
6851,0.0309021957218647
6852,0.4294089376926422
6853,0.1182018294930458
6854,0.14399202167987823
6855,0.4480888843536377
6856,0.5913422703742981
6857,-0.043544601649045944
6858,0.03215259686112404
6859,0.4356692433357239
6860,0.03751284256577492
6861,0.1238148957490921
6862,0.12022646516561508
6863,0.3900409936904907
6864,0.04897403344511986
6865,0.37391015887260437
6866,0.12630106508731842
6867,0.0621674545109272
6868,0.1003788635134697
6869,0.2548951804637909
6870,0.11779653280973434
6871,0.10582355409860611
6872,0.4409668445587158
6873,0.2227928638458252
6874,0.018300339579582214
6875,0.4369499683380127
6876,0.11628922075033188
6877,0.4478801488876343
6878,0.08030638843774796
6879,0.132910817861557
6880,0.2114238291978836
6881,0.3621006906032562
6882,0.1569824069738388
6883,0.09361162781715393
6884,0.2431427538394928
6885,0.06479094177484512
6886,0.18123804032802582
6887,0.17151400446891785
6888,0.15909838676452637
6889,0.5005812048912048
6890,0.4041156470775604
6891,0.29044654965400696
6892,0.3835107684135437
6893,0.0280256699770689
6894,0.04376383498311043
6895,0.5128021240234375
6896,0.15290366113185883
6897,0.5928856730461121
6898,0.43479669094085693
6899,0.18601495027542114
6900,0.6081510186195374
6901,0.15010851621627808
6902,0.11423755437135696
6903,0.13296933472156525
6904,0.05968427285552025
6905,0.47208672761917114
6906,0.14483045041561127
6907,0.18979407846927643
6908,0.1328733265399933
6909,0.08962228894233704
6910,-4.659037585952319e-05
6911,0.12172925472259521
6912,0.21382825076580048
6913,0.17307595908641815
6914,0.11123114079236984
6915,0.09868928790092468
6916,0.2050248235464096
6917,0.23958440124988556
6918,0.2643960118293762
6919,0.5945147275924683
6920,0.12912094593048096
6921,-0.04787955433130264
6922,-0.04808221012353897
6923,0.22424796223640442
6924,0.08708662539720535
6925,0.4824528992176056
6926,0.4587128460407257
6927,0.22064319252967834
6928,0.09364785999059677
6929,0.4497796297073364
6930,0.18060371279716492
6931,0.02242313139140606
6932,0.0740354061126709
6933,0.038513071835041046
6934,0.012937084771692753
6935,0.08416710793972015
6936,0.1952132284641266
6937,0.6082915663719177
6938,0.5818774700164795
6939,0.5820530652999878
6940,0.3668029010295868
6941,0.18027819693088531
6942,0.10979185998439789
6943,0.1281321495771408
6944,0.6214603781700134
6945,0.3922906517982483
6946,0.4323558807373047
6947,0.19936811923980713
6948,0.03557597100734711
6949,0.09401493519544601
6950,0.17252564430236816
6951,0.08719515055418015
6952,0.10057004541158676
6953,0.07177703827619553
6954,0.14406318962574005
6955,0.260095477104187
6956,0.6607145071029663
6957,0.052648428827524185
6958,0.181834414601326
6959,0.20018045604228973
6960,0.2525576055049896
6961,0.6686685085296631
6962,0.07676152139902115
6963,0.36223939061164856
6964,0.146985724568367
6965,0.12432719022035599
6966,9.65951694524847e-05
6967,0.5989336967468262
6968,0.15620791912078857
6969,0.4754699170589447
6970,0.09230612963438034
6971,0.4093647301197052
6972,0.49490606784820557
6973,-0.0024986066855490208
6974,0.11645057052373886
6975,0.033835411071777344
6976,0.09485357254743576
6977,0.17182064056396484
6978,0.028095075860619545
6979,0.16674701869487762
6980,0.07229339331388474
6981,0.0835612416267395
6982,0.08976273983716965
6983,-0.0001833890564739704
6984,0.17917193472385406
6985,0.09934532642364502
6986,0.42920204997062683
6987,0.16890501976013184
6988,0.11445672065019608
6989,0.12451868504285812
6990,0.17024587094783783
6991,0.040149398148059845
6992,0.6031526327133179
6993,0.45833340287208557
6994,0.14230497181415558
6995,0.11896014213562012
6996,0.15250104665756226
6997,0.14044992625713348
6998,0.3235125243663788
6999,-0.11503759771585464
7000,0.3043377101421356
7001,0.4548504948616028
7002,0.11087875068187714
7003,0.4654722809791565
7004,-0.0687256008386612
7005,0.5986088514328003
7006,0.33234497904777527
7007,0.607819139957428
7008,0.037708356976509094
7009,0.183314710855484
7010,0.09024760872125626
7011,0.6166496872901917
7012,0.2489444464445114
7013,0.45390015840530396
7014,0.1465291678905487
7015,0.22942250967025757
7016,0.17105093598365784
7017,-0.017896585166454315
7018,0.08728308230638504
7019,0.055500324815511703
7020,0.38208842277526855
7021,0.015515748411417007
7022,0.0381891094148159
7023,0.7758004069328308
7024,0.04397498443722725
7025,0.048247650265693665
7026,0.11893878877162933
7027,0.1316845566034317
7028,0.4581809937953949
7029,0.18118645250797272
7030,0.08357022702693939
7031,0.313691109418869
7032,0.5267855525016785
7033,0.47473639249801636
7034,-0.07073931396007538
7035,-0.002725112484768033
7036,0.03846439719200134
7037,0.2749365270137787
7038,0.2589622735977173
7039,0.12144409120082855
7040,0.10900533944368362
7041,0.10989433526992798
7042,0.1535986363887787
7043,0.255628377199173
7044,0.13746502995491028
7045,0.3751221001148224
7046,0.41047075390815735
7047,0.033614709973335266
7048,0.03353734314441681
7049,0.13382336497306824
7050,0.6533765196800232
7051,-0.06324762105941772
7052,0.5373557209968567
7053,0.2606990933418274
7054,0.1995847076177597
7055,0.28659147024154663
7056,0.4384053349494934
7057,0.3687245845794678
7058,0.20648758113384247
7059,0.42174065113067627
7060,0.08571825921535492
7061,0.17109055817127228
7062,0.49091458320617676
7063,0.05651652440428734
7064,0.14225824177265167
7065,0.11944052577018738
7066,0.21275195479393005
7067,0.0473550520837307
7068,0.6547572016716003
7069,0.007248416543006897
7070,-0.003430787706747651
7071,0.0052510881796479225
7072,0.6153671741485596
7073,0.29946428537368774
7074,0.14888671040534973
7075,0.16031789779663086
7076,0.10415854305028915
7077,0.16822001338005066
7078,0.19287297129631042
7079,0.1820847988128662
7080,0.43469780683517456
7081,0.35918641090393066
7082,0.05721385404467583
7083,0.3074660003185272
7084,0.49973824620246887
7085,0.18073323369026184
7086,0.38357099890708923
7087,-0.07454698532819748
7088,0.25092488527297974
7089,0.09213361889123917
7090,0.1339033991098404
7091,0.030969755724072456
7092,0.18891902267932892
7093,-0.03355221450328827
7094,0.22730684280395508
7095,0.24989885091781616
7096,0.19262735545635223
7097,0.24495474994182587
7098,0.09164804965257645
7099,0.15104861557483673
7100,0.30333641171455383
7101,0.26611581444740295
7102,-0.036529771983623505
7103,-0.062247589230537415
7104,0.12574084103107452
7105,0.08524704724550247
7106,0.2256917506456375
7107,0.1195414736866951
7108,0.29291677474975586
7109,0.0972910150885582
7110,0.2093840390443802
7111,0.029249092563986778
7112,-0.09436541795730591
7113,0.5201371312141418
7114,0.025522097945213318
7115,0.08126233518123627
7116,-0.039241425693035126
7117,0.2681577205657959
7118,-0.11893884092569351
7119,0.07951821386814117
7120,0.07332337647676468
7121,0.26468390226364136
7122,0.1648966372013092
7123,0.08267039805650711
7124,0.0853738933801651
7125,0.3529600203037262
7126,0.1948220431804657
7127,0.4890376031398773
7128,0.20165464282035828
7129,0.4346681833267212
7130,0.41235288977622986
7131,0.5719287395477295
7132,0.13242705166339874
7133,0.1308038979768753
7134,0.15677180886268616
7135,0.4244522154331207
7136,0.6644735336303711
7137,0.5666025876998901
7138,0.27549034357070923
7139,0.24270029366016388
7140,0.12544389069080353
7141,0.12187419086694717
7142,0.2781236469745636
7143,0.11681549996137619
7144,0.27778252959251404
7145,0.14483124017715454
7146,0.04579649120569229
7147,0.48653459548950195
7148,0.18815115094184875
7149,0.36266028881073
7150,0.49410131573677063
7151,0.22581645846366882
7152,0.15110810101032257
7153,0.44606631994247437
7154,0.4234411418437958
7155,0.27578607201576233
7156,0.07475937157869339
7157,0.13842922449111938
7158,0.01067377906292677
7159,0.39474374055862427
7160,0.0688096284866333
7161,0.6018410921096802
7162,0.13929158449172974
7163,0.13324640691280365
7164,0.1157493069767952
7165,0.12438768893480301
7166,0.42477941513061523
7167,0.27481940388679504
7168,0.064407117664814
7169,0.15035437047481537
7170,0.009696275927126408
7171,0.6239759922027588
7172,0.5568210482597351
7173,0.1152714267373085
7174,0.06000325456261635
7175,-0.008160803467035294
7176,0.16215379536151886
7177,0.10606679320335388
7178,0.21747766435146332
7179,0.5759897232055664
7180,0.26612526178359985
7181,0.5630782842636108
7182,0.4240299165248871
7183,0.10086128860712051
7184,0.12658068537712097
7185,0.17412060499191284
7186,-0.008543768897652626
7187,0.10293547064065933
7188,0.2202487289905548
7189,0.019177619367837906
7190,-0.09164916723966599
7191,0.44027620553970337
7192,0.16689082980155945
7193,0.06119976192712784
7194,0.2298644781112671
7195,0.3072574734687805
7196,0.08606652170419693
7197,0.11515280604362488
7198,-0.003926905803382397
7199,0.4407420754432678
7200,0.11085671931505203
7201,0.05068499967455864
7202,0.1818416714668274
7203,0.4237644374370575
7204,0.15580490231513977
7205,0.0985599160194397
7206,0.14106939733028412
7207,0.06547331809997559
7208,-0.03425357863306999
7209,0.1666390746831894
7210,0.17347992956638336
7211,0.07947269827127457
7212,0.2404552549123764
7213,0.42438915371894836
7214,0.19352272152900696
7215,0.0742281824350357
7216,0.08998505026102066
7217,0.1697506308555603
7218,0.5507659912109375
7219,-0.060966312885284424
7220,0.0878337100148201
7221,0.07717008143663406
7222,0.2520331144332886
7223,0.15640555322170258
7224,0.22181519865989685
7225,0.2059125453233719
7226,0.008331435732543468
7227,0.07507433742284775
7228,0.31154242157936096
7229,0.49055251479148865
7230,0.15511170029640198
7231,0.12447664886713028
7232,0.07627025246620178
7233,0.09329301863908768
7234,0.2469497174024582
7235,-0.057730142027139664
7236,-0.014503386802971363
7237,0.22204333543777466
7238,0.07848351448774338
7239,0.0037863149773329496
7240,0.0916736051440239
7241,-0.045256245881319046
7242,0.07339731603860855
7243,0.40259429812431335
7244,0.05638766661286354
7245,0.0452837198972702
7246,0.17446079850196838
7247,0.5739778876304626
7248,0.014087720774114132
7249,0.06113557890057564
7250,0.037731193006038666
7251,0.15803322196006775
7252,0.43651536107063293
7253,0.0821777880191803
7254,0.018468331545591354
7255,0.35431960225105286
7256,0.14174506068229675
7257,0.05601228401064873
7258,0.14194177091121674
7259,0.13932134211063385
7260,0.5489179491996765
7261,0.10754510760307312
7262,0.5331311821937561
7263,0.1152130663394928
7264,0.18526962399482727
7265,-0.03510625287890434
7266,-0.04691106453537941
7267,0.2676768898963928
7268,0.20950360596179962
7269,-0.00851060077548027
7270,0.6331490874290466
7271,-0.03765816614031792
7272,-0.028088994324207306
7273,0.41710829734802246
7274,0.1105949655175209
7275,-0.01931404508650303
7276,0.14593757688999176
7277,0.3304052948951721
7278,0.14785601198673248
7279,0.3514789044857025
7280,0.09104861319065094
7281,0.23927107453346252
7282,0.40391409397125244
7283,0.4033413827419281
7284,0.21072641015052795
7285,0.34596526622772217
7286,0.07943063229322433
7287,0.5789203643798828
7288,0.4372117817401886
7289,0.46842387318611145
7290,0.1791987121105194
7291,0.21292267739772797
7292,0.06382886320352554
7293,0.2972649037837982
7294,0.1854095757007599
7295,0.45049428939819336
7296,0.08752094954252243
7297,0.09721896052360535
7298,0.1295350342988968
7299,0.32496559619903564
7300,0.19034844636917114
7301,0.12345103174448013
7302,0.5465301275253296
7303,0.1713840663433075
7304,0.03369994834065437
7305,0.030934197828173637
7306,0.5655854940414429
7307,0.45221877098083496
7308,0.0948038250207901
7309,0.3437502682209015
7310,0.16861610114574432
7311,0.11448739469051361
7312,0.10595840215682983
7313,0.4289683401584625
7314,0.13239389657974243
7315,0.12842650711536407
7316,0.1158038079738617
7317,0.23438580334186554
7318,-0.10454457998275757
7319,0.16685643792152405
7320,0.4406948387622833
7321,0.06982266157865524
7322,0.13769805431365967
7323,0.1912936270236969
7324,0.09742754697799683
7325,0.1959177404642105
7326,0.28410032391548157
7327,0.01913697086274624
7328,0.29127660393714905
7329,0.44088268280029297
7330,0.3819068968296051
7331,0.07327548414468765
7332,0.09158238768577576
7333,0.18510928750038147
7334,0.3143443167209625
7335,0.32000628113746643
7336,0.16500435769557953
7337,0.21790799498558044
7338,0.20743924379348755
7339,0.12306563556194305
7340,0.2750573754310608
7341,0.5756011009216309
7342,0.17330840229988098
7343,0.18771623075008392
7344,0.3164012134075165
7345,0.35383692383766174
7346,0.1295255422592163
7347,-0.009411860257387161
7348,0.369727224111557
7349,0.042538031935691833
7350,0.41628751158714294
7351,0.2515017092227936
7352,0.1916198432445526
7353,0.5778603553771973
7354,0.03853704780340195
7355,0.4363936185836792
7356,0.05804486945271492
7357,0.12722954154014587
7358,0.5063869953155518
7359,0.05645497515797615
7360,0.0714116320014
7361,0.1757696270942688
7362,0.12335533648729324
7363,0.29784131050109863
7364,-0.01686336286365986
7365,0.5173178911209106
7366,-0.08934281021356583
7367,0.09065816551446915
7368,0.04058971628546715
7369,0.4751330614089966
7370,0.12378193438053131
7371,0.1263095587491989
7372,0.44948312640190125
7373,0.5566641092300415
7374,0.2504301965236664
7375,0.2679138481616974
7376,0.10052549093961716
7377,0.1369020640850067
7378,0.0739995464682579
7379,0.23056139051914215
7380,0.17689140141010284
7381,0.39806899428367615
7382,0.10716903209686279
7383,0.06110021471977234
7384,0.18031615018844604
7385,0.2649986147880554
7386,0.23544752597808838
7387,0.2051653116941452
7388,0.1457817256450653
7389,0.10804003477096558
7390,0.387455016374588
7391,-0.019877556711435318
7392,0.48033997416496277
7393,0.2422322928905487
7394,0.06930419057607651
7395,0.23203997313976288
7396,0.07239121198654175
7397,0.1064099669456482
7398,0.2422904223203659
7399,0.10459209978580475
7400,0.008440052159130573
7401,0.09300382435321808
7402,0.6519094109535217
7403,0.12272672355175018
7404,-0.05876804143190384
7405,0.2575700581073761
7406,0.12415958195924759
7407,0.4401877820491791
7408,0.030011406168341637
7409,0.2813251316547394
7410,-0.03395150601863861
7411,0.2167252004146576
7412,0.023355701938271523
7413,0.23426152765750885
7414,-0.10434582829475403
7415,0.4449135959148407
7416,0.21584723889827728
7417,-0.025855261832475662
7418,0.253803551197052
7419,0.1781124621629715
7420,0.24471917748451233
7421,0.21670256555080414
7422,0.10380963236093521
7423,0.38976234197616577
7424,0.050002321600914
7425,0.13940416276454926
7426,0.07370182871818542
7427,0.02817053720355034
7428,0.1772533357143402
7429,0.03447024151682854
7430,0.06840304285287857
7431,0.1583675593137741
7432,0.4513149857521057
7433,0.008658291772007942
7434,0.18337056040763855
7435,0.25262415409088135
7436,0.16124339401721954
7437,0.17276863753795624
7438,0.26845136284828186
7439,0.13093867897987366
7440,0.1682785600423813
7441,0.08694480359554291
7442,0.09019548445940018
7443,0.2358172982931137
7444,-0.09270883351564407
7445,0.12087370455265045
7446,0.37901750206947327
7447,-0.04223838448524475
7448,0.12685881555080414
7449,0.024240165948867798
7450,0.37313947081565857
7451,0.19351039826869965
7452,0.050143301486968994
7453,0.0773364007472992
7454,0.10265063494443893
7455,0.2438434511423111
7456,0.17425478994846344
7457,0.3835965096950531
7458,0.04172833263874054
7459,0.43407151103019714
7460,0.18585874140262604
7461,-0.0026283503975719213
7462,0.15793493390083313
7463,0.18561655282974243
7464,0.14356374740600586
7465,0.10367593914270401
7466,0.05630804970860481
7467,-0.09743034094572067
7468,0.41090625524520874
7469,0.1926027089357376
7470,0.06998760253190994
7471,0.0745898112654686
7472,0.283030241727829
7473,0.5951718091964722
7474,0.034385792911052704
7475,0.19358117878437042
7476,0.21803638339042664
7477,0.40532514452934265
7478,0.16619612276554108
7479,0.5701025128364563
7480,0.4419666826725006
7481,0.020130671560764313
7482,0.11802244186401367
7483,-0.13504698872566223
7484,0.19879361987113953
7485,0.4375413656234741
7486,0.02496294304728508
7487,0.014028980396687984
7488,-0.10650990158319473
7489,0.4423539340496063
7490,0.07646137475967407
7491,0.18519358336925507
7492,0.2860471308231354
7493,0.22382032871246338
7494,0.24275293946266174
7495,0.16123616695404053
7496,0.01991051249206066
7497,0.17394116520881653
7498,0.05473931133747101
7499,0.2517986595630646
7500,0.1102171540260315
7501,0.11956412345170975
7502,0.09888005256652832
7503,0.028980081900954247
7504,0.049907539039850235
7505,0.3141201138496399
7506,0.043626818805933
7507,0.05891679227352142
7508,-0.0668962299823761
7509,0.08745351433753967
7510,0.06760817021131516
7511,0.2350597381591797
7512,0.5452520251274109
7513,0.1270976960659027
7514,0.3284221291542053
7515,-0.06911060214042664
7516,0.42357203364372253
7517,0.12430109828710556
7518,0.40915828943252563
7519,0.32226815819740295
7520,0.18501628935337067
7521,0.2053651511669159
7522,0.43894463777542114
7523,-0.10820972919464111
7524,0.07741580903530121
7525,0.2167934775352478
7526,0.23796632885932922
7527,0.27419665455818176
7528,0.24498645961284637
7529,0.12574812769889832
7530,0.07527995854616165
7531,0.2300906777381897
7532,0.1312662661075592
7533,-0.020977450534701347
7534,0.11387424170970917
7535,0.2081579864025116
7536,0.0489116869866848
7537,0.1245645210146904
7538,0.4244871139526367
7539,0.09455958008766174
7540,0.0802183449268341
7541,0.4243190586566925
7542,0.13979871571063995
7543,0.3863503336906433
7544,0.4585801661014557
7545,0.4849284291267395
7546,0.05992221087217331
7547,0.09138929098844528
7548,0.1829172968864441
7549,0.11326039582490921
7550,0.48900067806243896
7551,0.30049172043800354
7552,0.11043962091207504
7553,0.465520977973938
7554,0.11574391275644302
7555,0.373759001493454
7556,0.4005419611930847
7557,0.129049152135849
7558,0.4674096405506134
7559,0.07071983069181442
7560,0.13244479894638062
7561,-0.005425908137112856
7562,0.13700851798057556
7563,0.09813016653060913
7564,0.13609057664871216
7565,0.2238442748785019
7566,0.1522216945886612
7567,0.35784193873405457
7568,0.05439933389425278
7569,0.06366927176713943
7570,0.02303151600062847
7571,0.23755618929862976
7572,0.14250905811786652
7573,0.10546761751174927
7574,0.11042797565460205
7575,0.11787945032119751
7576,0.2932102680206299
7577,0.18194225430488586
7578,-0.07275205850601196
7579,0.09735942631959915
7580,-0.07704377174377441
7581,0.5462673902511597
7582,0.044990845024585724
7583,-0.04087468981742859
7584,0.19798141717910767
7585,-0.05936304107308388
7586,0.1830599159002304
7587,-0.111768938601017
7588,0.28799542784690857
7589,-0.038309939205646515
7590,0.23638217151165009
7591,0.2763938009738922
7592,0.14504536986351013
7593,0.382402241230011
7594,0.27773863077163696
7595,0.2105744183063507
7596,0.5290214419364929
7597,0.1419754922389984
7598,0.20695935189723969
7599,0.2576408386230469
7600,0.3861455023288727
7601,0.538834810256958
7602,0.1475803256034851
7603,0.3109148442745209
7604,0.0049775028601288795
7605,0.07737942039966583
7606,0.012330252677202225
7607,0.12283279746770859
7608,-0.0595087893307209
7609,0.44837692379951477
7610,-4.373422416392714e-05
7611,0.056811973452568054
7612,0.34372982382774353
7613,0.12317494302988052
7614,0.04415131360292435
7615,0.004248867277055979
7616,-0.011833073571324348
7617,0.4885523319244385
7618,0.08794888108968735
7619,0.47756922245025635
7620,0.04009048640727997
7621,0.2607593238353729
7622,0.14494895935058594
7623,0.4962996542453766
7624,0.4465755522251129
7625,0.09135657548904419
7626,0.11303473263978958
7627,0.15747720003128052
7628,0.009192951023578644
7629,0.11872020363807678
7630,0.14986371994018555
7631,0.32007884979248047
7632,0.09406484663486481
7633,-0.0028789059724658728
7634,0.09522488713264465
7635,0.155885711312294
7636,-0.026678482070565224
7637,0.07892649620771408
7638,0.2775779068470001
7639,0.168767049908638
7640,0.004636121913790703
7641,0.06039814651012421
7642,-0.06639804691076279
7643,0.04121212661266327
7644,0.09642820060253143
7645,-0.013075691647827625
7646,0.14718717336654663
7647,0.42717498540878296
7648,0.33137616515159607
7649,-0.012485724873840809
7650,0.07750964164733887
7651,0.06431302428245544
7652,0.19879785180091858
7653,0.14922340214252472
7654,0.033867236226797104
7655,0.2065899670124054
7656,0.2419295608997345
7657,0.011799241416156292
7658,0.17718157172203064
7659,0.06098828837275505
7660,-0.09141486883163452
7661,0.15175487101078033
7662,0.4446016550064087
7663,0.0474708192050457
7664,0.2588168978691101
7665,0.11812853813171387
7666,-0.05633033812046051
7667,0.09798583388328552
7668,0.2807120382785797
7669,0.1880468875169754
7670,0.038255028426647186
7671,0.1708287000656128
7672,0.3821846842765808
7673,0.4401562511920929
7674,0.008000406436622143
7675,0.04714788869023323
7676,0.4902503490447998
7677,0.3711733818054199
7678,0.5805431604385376
7679,0.5375328063964844
7680,0.15687575936317444
7681,-0.058907732367515564
7682,0.1470961570739746
7683,-0.04576645791530609
7684,0.2554381489753723
7685,0.12556971609592438
7686,0.26883310079574585
7687,-0.05637809634208679
7688,0.20646463334560394
7689,-0.0912938043475151
7690,0.119346484541893
7691,0.17878052592277527
7692,0.07672654092311859
7693,0.29399237036705017
7694,0.18665331602096558
7695,0.39999568462371826
7696,0.4129769802093506
7697,0.16358011960983276
7698,0.041527777910232544
7699,0.1580011397600174
7700,0.18005022406578064
7701,0.00733022578060627
7702,0.17279857397079468
7703,-0.012766233645379543
7704,0.16453485190868378
7705,0.18514922261238098
7706,0.38276177644729614
7707,0.10397045314311981
7708,0.060626111924648285
7709,0.0058748433366417885
7710,0.27590692043304443
7711,0.18446040153503418
7712,0.2088683843612671
7713,0.4665055572986603
7714,0.10250499844551086
7715,0.05435720831155777
7716,0.2718212902545929
7717,0.05006978288292885
7718,0.458313912153244
7719,0.03211437165737152
7720,0.6263359785079956
7721,0.040109340101480484
7722,0.3577890992164612
7723,0.5485460758209229
7724,0.1112746000289917
7725,0.062078651040792465
7726,-0.0548459030687809
7727,0.19554002583026886
7728,0.679954469203949
7729,0.10592863708734512
7730,0.3946394920349121
7731,0.37104085087776184
7732,-0.12076637148857117
7733,0.15338845551013947
7734,0.09281294047832489
7735,0.1005023717880249
7736,0.1684826910495758
7737,0.07803361117839813
7738,0.6017100214958191
7739,0.2511742115020752
7740,0.3504485785961151
7741,0.0950518324971199
7742,0.42331260442733765
7743,0.15304841101169586
7744,0.3434663414955139
7745,0.42839381098747253
7746,0.18055199086666107
7747,0.213850200176239
7748,0.27891048789024353
7749,0.2988934814929962
7750,0.13866451382637024
7751,0.2211054116487503
7752,0.11766735464334488
7753,0.46813178062438965
7754,-0.01672900654375553
7755,0.21831819415092468
7756,0.6310347318649292
7757,0.10643015801906586
7758,0.11637349426746368
7759,0.18967793881893158
7760,-0.012381916865706444
7761,0.2321563959121704
7762,0.1761544942855835
7763,0.21527262032032013
7764,0.1522362232208252
7765,0.10407945513725281
7766,0.04677487164735794
7767,0.11548919230699539
7768,0.20687755942344666
7769,0.15393634140491486
7770,0.07790574431419373
7771,0.1815761774778366
7772,0.27282780408859253
7773,0.08394569158554077
7774,0.338852196931839
7775,0.2754659950733185
7776,0.5098792314529419
7777,0.09741407632827759
7778,0.03830784186720848
7779,0.15668697655200958
7780,-0.06102105975151062
7781,0.6328527927398682
7782,0.00888123456388712
7783,0.37999027967453003
7784,0.17138783633708954
7785,0.42001643776893616
7786,-0.024491015821695328
7787,0.11323277652263641
7788,0.47376206517219543
7789,0.11042537540197372
7790,0.010780015960335732
7791,0.1550481617450714
7792,0.09087575227022171
7793,0.5734410881996155
7794,0.03247326239943504
7795,0.09691362082958221
7796,0.4326871633529663
7797,0.029742179438471794
7798,0.08805014938116074
7799,0.16376011073589325
7800,0.14539232850074768
7801,0.22087249159812927
7802,0.08443111181259155
7803,0.16771270334720612
7804,0.5786231756210327
7805,0.15007975697517395
7806,0.06308043748140335
7807,0.1594831645488739
7808,0.4166097939014435
7809,0.14251179993152618
7810,0.25654837489128113
7811,0.2497432976961136
7812,0.15313182771205902
7813,0.1941976249217987
7814,0.4800410866737366
7815,0.12597870826721191
7816,0.11698053032159805
7817,0.6774743795394897
7818,0.09309987723827362
7819,0.14456616342067719
7820,0.021442167460918427
7821,0.1079152300953865
7822,0.37656745314598083
7823,0.48394033312797546
7824,0.5326161980628967
7825,0.44664162397384644
7826,0.11852707713842392
7827,0.4720337390899658
7828,0.15850046277046204
7829,0.31633034348487854
7830,0.4229978322982788
7831,0.07900429517030716
7832,0.1744079440832138
7833,0.14876851439476013
7834,0.15398749709129333
7835,0.0028426670469343662
7836,0.6451225876808167
7837,0.18913789093494415
7838,0.47491371631622314
7839,0.24920758605003357
7840,0.1670309156179428
7841,0.31322911381721497
7842,0.05259612575173378
7843,0.6205621957778931
7844,0.06379272788763046
7845,0.1707993447780609
7846,0.13743476569652557
7847,0.11285169422626495
7848,0.1727960854768753
7849,0.17900316417217255
7850,0.12462212890386581
7851,0.10285235196352005
7852,0.09533694386482239
7853,0.6359356641769409
7854,0.21324825286865234
7855,0.2094465047121048
7856,0.4214737117290497
7857,0.12430211901664734
7858,0.020939303562045097
7859,0.2802930772304535
7860,0.19018040597438812
7861,0.2626543343067169
7862,0.36496058106422424
7863,0.4348786771297455
7864,0.4216246008872986
7865,0.1421424001455307
7866,0.13205450773239136
7867,0.04518504813313484
7868,0.0667194277048111
7869,0.14484865963459015
7870,0.05479499325156212
7871,-0.06906171888113022
7872,0.36150509119033813
7873,0.01444071251899004
7874,0.3534785509109497
7875,0.18796035647392273
7876,0.3755103647708893
7877,0.17529767751693726
7878,0.09223636239767075
7879,0.23034776747226715
7880,0.4643670618534088
7881,0.4390393793582916
7882,0.15090115368366241
7883,0.21330593526363373
7884,0.1748190075159073
7885,0.04684711620211601
7886,0.17932845652103424
7887,0.5219694972038269
7888,0.6620396971702576
7889,0.2211635261774063
7890,-0.06595063209533691
7891,0.44445115327835083
7892,0.44530606269836426
7893,0.18647536635398865
7894,0.08881212025880814
7895,0.08130283653736115
7896,0.11124502122402191
7897,0.06625478714704514
7898,-0.046466682106256485
7899,0.23088856041431427
7900,0.1476057916879654
7901,0.32005739212036133
7902,0.4374624192714691
7903,0.10351654142141342
7904,0.47252529859542847
7905,0.6081048846244812
7906,0.033116549253463745
7907,0.21196341514587402
7908,0.33109042048454285
7909,0.08855248987674713
7910,0.21206144988536835
7911,0.5052480101585388
7912,0.04389635846018791
7913,0.12468644231557846
7914,0.616389811038971
7915,0.1481591910123825
7916,0.10050880908966064
7917,0.23790892958641052
7918,0.13495036959648132
7919,0.44261178374290466
7920,0.11478962749242783
7921,0.45123645663261414
7922,0.23174767196178436
7923,0.05454171076416969
7924,-0.004485899582505226
7925,0.19572609663009644
7926,0.4312765300273895
7927,0.11855237931013107
7928,0.6286987066268921
7929,0.1521562784910202
7930,0.17257335782051086
7931,0.0685768574476242
7932,0.42987680435180664
7933,0.1344769150018692
7934,-0.05735272541642189
7935,-0.030020739883184433
7936,0.12177690118551254
7937,0.1548042893409729
7938,0.4236322343349457
7939,0.11751092225313187
7940,0.12887682020664215
7941,0.12608139216899872
7942,0.1361362189054489
7943,0.12679414451122284
7944,0.24527084827423096
7945,0.11267714947462082
7946,0.5890872478485107
7947,0.16388191282749176
7948,0.21416252851486206
7949,0.27410706877708435
7950,0.5858322381973267
7951,0.17554332315921783
7952,-0.056230127811431885
7953,0.632209300994873
7954,0.1669817417860031
7955,0.4870397746562958
7956,0.23786765336990356
7957,0.450608491897583
7958,0.2233297973871231
7959,0.3226625919342041
7960,0.29972222447395325
7961,0.11842799186706543
7962,0.22386431694030762
7963,0.00804516114294529
7964,0.1317143589258194
7965,0.0421137735247612
7966,0.2689124643802643
7967,0.6127299666404724
7968,0.398648202419281
7969,0.13411535322666168
7970,0.07857617735862732
7971,0.5512425303459167
7972,0.3099634051322937
7973,0.17769205570220947
7974,0.7426930069923401
7975,0.00728451507166028
7976,0.2460917979478836
7977,0.11119219660758972
7978,0.19168142974376678
7979,0.5454264283180237
7980,0.2383660525083542
7981,0.10311847180128098
7982,0.24695110321044922
7983,0.0984223484992981
7984,-0.004500985611230135
7985,0.19168762862682343
7986,0.009885532781481743
7987,-0.10297669470310211
7988,0.619606614112854
7989,0.26549646258354187
7990,0.3679024279117584
7991,0.11548429727554321
7992,0.1632145196199417
7993,0.11059952527284622
7994,-0.06466280668973923
7995,0.08898406475782394
7996,0.3135599195957184
7997,0.29759567975997925
7998,0.6736288666725159
7999,0.1567666083574295
8000,0.13485082983970642
8001,0.1755196750164032
8002,0.27735841274261475
8003,0.10141734033823013
8004,0.140476256608963
8005,-0.040630042552948
8006,0.6097158193588257
8007,0.23073920607566833
8008,0.15703000128269196
8009,0.12805400788784027
8010,0.25704264640808105
8011,-0.01821262389421463
8012,-0.01660674624145031
8013,0.08946534991264343
8014,0.28831133246421814
8015,0.19875586032867432
8016,0.09931506216526031
8017,0.19807380437850952
8018,0.5274525284767151
8019,0.08109430223703384
8020,0.4860081672668457
8021,0.06023753434419632
8022,0.38103073835372925
8023,0.3350831866264343
8024,0.324005663394928
8025,0.42039990425109863
8026,0.12438318133354187
8027,0.1359637826681137
8028,0.5871706604957581
8029,0.26874783635139465
8030,0.3606760501861572
8031,0.09402108192443848
8032,0.03977513313293457
8033,0.14347101747989655
8034,0.09676802903413773
8035,0.27528902888298035
8036,0.09243273735046387
8037,-0.0877627581357956
8038,0.1791357696056366
8039,0.1622689962387085
8040,0.3973030745983124
8041,0.19286464154720306
8042,0.22995726764202118
8043,0.5306203961372375
8044,0.4321935474872589
8045,0.3368568420410156
8046,0.17424479126930237
8047,0.18916462361812592
8048,0.6101495027542114
8049,0.06841609627008438
8050,0.1400424838066101
8051,0.05446594953536987
8052,0.26555517315864563
8053,0.2595359683036804
8054,0.1557857096195221
8055,0.2807844281196594
8056,0.432966411113739
8057,0.16863830387592316
8058,0.1512736827135086
8059,-0.03514205664396286
8060,0.6362200975418091
8061,0.06805194914340973
8062,0.5148460865020752
8063,0.04019317775964737
8064,0.19904814660549164
8065,0.07168829441070557
8066,0.507392168045044
8067,0.34615761041641235
8068,-0.08016538619995117
8069,0.4917035698890686
8070,0.19067512452602386
8071,-0.030802099034190178
8072,0.174188032746315
8073,0.2623275816440582
8074,0.5466422438621521
8075,0.46307626366615295
8076,0.5464985966682434
8077,0.6884762644767761
8078,0.18325166404247284
8079,0.16394607722759247
8080,0.09900056570768356
8081,0.2577380836009979
8082,0.14658264815807343
8083,0.19575771689414978
8084,0.04547131806612015
8085,0.19005705416202545
8086,0.24381548166275024
8087,0.6323840022087097
8088,0.16042153537273407
8089,0.19956044852733612
8090,0.44344794750213623
8091,0.4097069501876831
8092,0.4046744704246521
8093,0.3495766818523407
8094,0.666236162185669
8095,0.040171343833208084
8096,0.15788017213344574
8097,0.235331729054451
8098,0.11206047236919403
8099,0.11146137863397598
8100,0.2191300094127655
8101,0.6598679423332214
8102,0.2989056408405304
8103,0.2228125035762787
8104,0.6164355278015137
8105,0.07168137282133102
8106,0.22137336432933807
8107,0.10437985509634018
8108,0.6348775029182434
8109,0.35950392484664917
8110,0.4116046130657196
8111,-0.09714535623788834
8112,0.0623508058488369
8113,0.1400487869977951
8114,0.09458381682634354
8115,-0.05355001986026764
8116,0.17646631598472595
8117,0.3071879744529724
8118,0.08811847865581512
8119,0.28059065341949463
8120,0.13658513128757477
8121,0.05579167976975441
8122,0.7171915173530579
8123,0.06598096340894699
8124,0.2357475608587265
8125,0.6590208411216736
8126,0.0979079082608223
8127,0.49271541833877563
8128,0.5220654010772705
8129,0.037290461361408234
8130,0.12903262674808502
8131,0.2764450013637543
8132,0.6648566722869873
8133,0.3267818093299866
8134,0.11844246834516525
8135,0.13071215152740479
8136,0.19316619634628296
8137,0.379154235124588
8138,0.3976302742958069
8139,-0.10695497691631317
8140,0.16689573228359222
8141,0.37133297324180603
8142,0.24921037256717682
8143,0.13193362951278687
8144,0.17838315665721893
8145,0.11944015324115753
8146,0.1660139113664627
8147,0.08283062279224396
8148,0.17196664214134216
8149,0.07721863687038422
8150,0.15306349098682404
8151,0.009847131557762623
8152,-0.03976571559906006
8153,0.25175511837005615
8154,0.2433650642633438
8155,0.007264825515449047
8156,0.15848051011562347
8157,0.28673455119132996
8158,0.4630367159843445
8159,0.02382117323577404
8160,0.1393313705921173
8161,0.03056192956864834
8162,0.17399707436561584
8163,0.33308160305023193
8164,0.02901013195514679
8165,0.4702882468700409
8166,0.05390547215938568
8167,0.27716490626335144
8168,0.11687450110912323
8169,0.13964414596557617
8170,0.1388329565525055
8171,0.09447581321001053
8172,0.18450652062892914
8173,0.221974715590477
8174,0.12140040099620819
8175,0.4336613416671753
8176,0.5922036170959473
8177,0.1335311383008957
8178,0.665492057800293
8179,0.18226489424705505
8180,0.11858517676591873
8181,0.408974289894104
8182,0.10366743803024292
8183,0.44489017128944397
8184,0.06742441654205322
8185,0.16592569649219513
8186,-0.013606012798845768
8187,0.25563839077949524
8188,0.13857758045196533
8189,0.0676804706454277
8190,0.08133691549301147
8191,0.1074354276061058
8192,0.4528125524520874
8193,0.40962880849838257
8194,0.4159831702709198
8195,0.13214801251888275
8196,0.6298791766166687
8197,0.22247178852558136
8198,0.04108345881104469
8199,0.23677092790603638
8200,0.10724718868732452
8201,0.3793591260910034
8202,0.22794049978256226
8203,0.09875332564115524
8204,0.11747945845127106
8205,0.16611544787883759
8206,0.12569327652454376
8207,-0.01220155693590641
8208,0.1339409202337265
8209,0.35689619183540344
8210,0.2151428610086441
8211,0.07845930010080338
8212,0.007565670181065798
8213,0.21324118971824646
8214,0.001595379551872611
8215,0.245645672082901
8216,0.21177679300308228
8217,0.4110119342803955
8218,0.30479490756988525
8219,0.36870700120925903
8220,0.12237006425857544
8221,0.2854239344596863
8222,0.2056528925895691
8223,0.09061995893716812
8224,-0.16202934086322784
8225,0.6032281517982483
8226,0.228221133351326
8227,0.24953807890415192
8228,0.10704607516527176
8229,0.1624327003955841
8230,0.17698971927165985
8231,0.11111268401145935
8232,0.5275402069091797
8233,0.1113043949007988
8234,0.18652716279029846
8235,0.20448461174964905
8236,0.03853926807641983
8237,0.24487867951393127
8238,0.16979224979877472
8239,0.4742639660835266
8240,-0.12032035738229752
8241,0.03364268317818642
8242,-0.021306447684764862
8243,0.17854724824428558
8244,0.6346341967582703
8245,0.10281920433044434
8246,0.19814129173755646
8247,0.17635393142700195
8248,0.031142713502049446
8249,0.11872370541095734
8250,0.15813569724559784
8251,0.13009797036647797
8252,0.03213110193610191
8253,-0.026555901393294334
8254,0.0824836865067482
8255,0.22596260905265808
8256,0.25373905897140503
8257,0.16661915183067322
8258,0.17530079185962677
8259,0.19065478444099426
8260,0.7193665504455566
8261,-0.10219348222017288
8262,-0.06616704165935516
8263,0.113157719373703
8264,0.545024037361145
8265,0.1542309671640396
8266,-0.016321172937750816
8267,0.09911374002695084
8268,0.006098093930631876
8269,0.1558893918991089
8270,0.6944425702095032
8271,0.1367008537054062
8272,0.29951241612434387
8273,0.6341450810432434
8274,0.0076631517149508
8275,0.236398845911026
8276,0.18533200025558472
8277,0.026135679334402084
8278,0.4821169078350067
8279,0.6664714813232422
8280,-0.043153248727321625
8281,0.07017437368631363
8282,0.12271782010793686
8283,-0.00410840380936861
8284,0.0388447605073452
8285,0.11877355724573135
8286,0.24020688235759735
8287,0.4658925235271454
8288,0.34765705466270447
8289,0.5467459559440613
8290,0.1969277411699295
8291,0.03825785219669342
8292,0.6510613560676575
8293,0.1518775075674057
8294,0.32964980602264404
8295,0.42803090810775757
8296,0.40110355615615845
8297,0.518680214881897
8298,0.4877232313156128
8299,0.6533010601997375
8300,0.07867313176393509
8301,0.11975208669900894
8302,0.17791379988193512
8303,0.03761952742934227
8304,0.18850553035736084
8305,0.15132544934749603
8306,0.350413054227829
8307,0.3493037819862366
8308,0.01778925023972988
8309,0.2090374231338501
8310,0.06389136612415314
8311,0.20676809549331665
8312,0.13036511838436127
8313,0.30917611718177795
8314,0.6568084955215454
8315,0.08447536081075668
8316,0.6819763779640198
8317,0.390707403421402
8318,0.023266468197107315
8319,0.16511456668376923
8320,0.13091520965099335
8321,-0.025284921750426292
8322,0.06254660338163376
8323,0.5124291777610779
8324,0.2559550404548645
8325,0.30879512429237366
8326,0.08240237087011337
8327,0.46740394830703735
8328,0.7432068586349487
8329,0.4053904116153717
8330,0.13076038658618927
8331,0.49857476353645325
8332,0.5162932276725769
8333,0.15487195551395416
8334,-0.08165791630744934
8335,0.6892234086990356
8336,0.6878423094749451
8337,0.04075244441628456
8338,0.13411878049373627
8339,0.12577687203884125
8340,0.4989461302757263
8341,-0.09352750331163406
8342,0.7079039216041565
8343,0.5282071232795715
8344,0.22744718194007874
8345,0.1686813235282898
8346,0.35404324531555176
8347,0.12352028489112854
8348,-0.04967278242111206
8349,0.16706939041614532
8350,0.0694437101483345
8351,0.057696111500263214
8352,0.3596266508102417
8353,0.6688142418861389
8354,0.16707955300807953
8355,0.6727586388587952
8356,0.6961065530776978
8357,0.18053533136844635
8358,0.24264857172966003
8359,0.4819190800189972
8360,0.46054258942604065
8361,0.614635705947876
8362,0.21864494681358337
8363,0.6891019940376282
8364,0.10083506256341934
8365,-0.0840565413236618
8366,0.49272021651268005
8367,0.011158904060721397
8368,0.3265276849269867
8369,0.30324751138687134
8370,0.288848876953125
8371,0.04777533560991287
8372,0.47595149278640747
8373,-0.049539122730493546
8374,0.17709773778915405
8375,-0.06278125941753387
8376,0.49959707260131836
8377,-0.019170094281435013
8378,0.7093834280967712
8379,0.13541929423809052
8380,0.4931686818599701
8381,0.25502094626426697
8382,0.030711982399225235
8383,0.12491694837808609
8384,-0.03558625280857086
8385,0.1076928973197937
8386,0.07044822722673416
8387,0.25754761695861816
8388,0.5261619687080383
8389,0.27280113101005554
8390,0.12370669841766357
8391,0.1314384937286377
8392,0.8320010900497437
8393,0.16579949855804443
8394,0.16684821248054504
8395,0.17015022039413452
8396,0.2664583921432495
8397,-0.10042653977870941
8398,0.008048368617892265
8399,0.4624880850315094
8400,0.7294427752494812
8401,0.11697901040315628
8402,0.21862992644309998
8403,0.20417191088199615
8404,-0.0458725169301033
8405,0.1846788376569748
8406,0.17712700366973877
8407,0.25580844283103943
8408,0.17186155915260315
8409,0.41313499212265015
8410,0.47682443261146545
8411,0.7643642425537109
8412,0.1327538937330246
8413,0.23373554646968842
8414,0.08912359178066254
8415,0.0789010226726532
8416,0.15274202823638916
8417,0.19233720004558563
8418,0.24974173307418823
8419,0.09483730792999268
8420,0.025677204132080078
8421,0.06757338345050812
8422,0.2424471527338028
8423,0.33229348063468933
8424,0.1543666422367096
8425,0.17073732614517212
8426,0.10269978642463684
8427,0.3483714163303375
8428,0.09713811427354813
8429,0.4938051998615265
8430,0.16999071836471558
8431,0.1279018670320511
8432,0.09586168825626373
8433,0.11731012165546417
8434,0.17236235737800598
8435,0.410595566034317
8436,0.1824146807193756
8437,0.2121974229812622
8438,0.12285127490758896
8439,0.4888388514518738
8440,0.10542163997888565
8441,0.14889544248580933
8442,0.5115288496017456
8443,0.27980753779411316
8444,0.41269296407699585
8445,0.17917828261852264
8446,0.19759666919708252
8447,0.3127719759941101
8448,0.1852356642484665
8449,0.06729748845100403
8450,0.3237183094024658
8451,0.5628073811531067
8452,0.6481741666793823
8453,0.04485493525862694
8454,0.10175516456365585
8455,0.08132953941822052
8456,0.1163904145359993
8457,0.43128669261932373
8458,0.07890759408473969
8459,0.24330401420593262
8460,0.18794682621955872
8461,0.49413082003593445
8462,0.11447223275899887
8463,0.07479959726333618
8464,0.18099215626716614
8465,0.16273082792758942
8466,0.5806929469108582
8467,0.03634103760123253
8468,0.5853617191314697
8469,-0.008010693825781345
8470,0.21583333611488342
8471,0.2789148688316345
8472,0.1707555204629898
8473,0.16105139255523682
8474,-0.03738201782107353
8475,0.4430144429206848
8476,-0.0399027019739151
8477,0.12490668147802353
8478,0.18247656524181366
8479,0.0015053751412779093
8480,-0.05101042240858078
8481,0.10883329808712006
8482,0.3974681496620178
8483,-0.009419824928045273
8484,0.6426193714141846
8485,0.14579881727695465
8486,0.08149740844964981
8487,0.19436484575271606
8488,0.08252137154340744
8489,0.20652025938034058
8490,0.045481953769922256
8491,-0.03096659854054451
8492,0.3669707775115967
8493,0.7039571404457092
8494,0.0348772369325161
8495,0.0918271392583847
8496,0.015947267413139343
8497,0.2140267938375473
8498,0.08961313962936401
8499,0.20890691876411438
8500,0.1949879378080368
8501,0.16106702387332916
8502,0.07758171856403351
8503,0.25874415040016174
8504,0.1608409285545349
8505,0.1391790211200714
8506,0.025286627933382988
8507,0.002627220470458269
8508,0.24842090904712677
8509,0.016857530921697617
8510,-0.008435850031673908
8511,0.07041853666305542
8512,0.3372899889945984
8513,0.19860200583934784
8514,0.007831387221813202
8515,0.5745683908462524
8516,0.2734568417072296
8517,0.08324440568685532
8518,0.30099260807037354
8519,0.1523762345314026
8520,0.22950756549835205
8521,0.11199440062046051
8522,0.12596112489700317
8523,0.5795708298683167
8524,0.11526857316493988
8525,0.04874313250184059
8526,0.31894469261169434
8527,0.038229234516620636
8528,-0.09976913779973984
8529,-0.005256179720163345
8530,-0.01183079183101654
8531,0.1981324553489685
8532,0.19126038253307343
8533,0.24784345924854279
8534,0.10695483535528183
8535,0.17488574981689453
8536,0.10598339140415192
8537,0.14543263614177704
8538,0.11967765539884567
8539,0.2915689945220947
8540,0.08311115205287933
8541,0.040573809295892715
8542,0.16191934049129486
8543,0.5319060683250427
8544,0.17218397557735443
8545,0.05594167113304138
8546,0.01866517774760723
8547,0.23918631672859192
8548,0.06584740430116653
8549,0.1089470162987709
8550,0.18122264742851257
8551,0.04604637250304222
8552,0.39502882957458496
8553,0.07165589183568954
8554,0.07826399803161621
8555,0.04866272211074829
8556,0.09344140440225601
8557,0.11253436654806137
8558,0.5479966998100281
8559,-0.08638090640306473
8560,0.34528613090515137
8561,-0.0034813517704606056
8562,0.161276713013649
8563,0.17372339963912964
8564,0.15410764515399933
8565,-0.024854036048054695
8566,0.2337692826986313
8567,0.22365611791610718
8568,0.08248960226774216
8569,0.30919232964515686
8570,0.22480756044387817
8571,0.49508029222488403
8572,0.6721925735473633
8573,0.23280562460422516
8574,0.04137703403830528
8575,0.09839259833097458
8576,0.09926598519086838
8577,0.08635822683572769
8578,0.07192789763212204
8579,0.2785676419734955
8580,-0.024398325011134148
8581,0.18867038190364838
8582,0.07094857841730118
8583,0.14078056812286377
8584,0.09897727519273758
8585,0.17294898629188538
8586,0.24940836429595947
8587,0.2452085167169571
8588,0.19147342443466187
8589,0.15268374979496002
8590,0.13876190781593323
8591,0.19975559413433075
8592,0.20812122523784637
8593,0.10207033902406693
8594,0.03384323790669441
8595,0.26999911665916443
8596,0.15710951387882233
8597,0.06778507679700851
8598,0.18425966799259186
8599,0.1523425430059433
8600,0.5431216359138489
8601,0.31190046668052673
8602,0.24429459869861603
8603,0.3415873646736145
8604,0.22404791414737701
8605,0.27381429076194763
8606,0.19391392171382904
8607,0.0986408144235611
8608,0.2472524493932724
8609,0.02700224705040455
8610,-0.041676197201013565
8611,0.24697858095169067
8612,0.07329148054122925
8613,0.1466180980205536
8614,0.19666288793087006
8615,0.12039974331855774
8616,0.07731902599334717
8617,0.07078765332698822
8618,0.17461134493350983
8619,0.09722062200307846
8620,0.06185412406921387
8621,0.18087036907672882
8622,0.08459395915269852
8623,0.5559175610542297
8624,0.2193850576877594
8625,0.3010660409927368
8626,0.09519437700510025
8627,0.06764097511768341
8628,0.040702540427446365
8629,-0.019011294469237328
8630,0.04901818558573723
8631,0.19539380073547363
8632,0.280092716217041
8633,0.10562855750322342
8634,0.37943384051322937
8635,0.2202921062707901
8636,0.19516801834106445
8637,0.38516634702682495
8638,0.28414788842201233
8639,0.34715932607650757
8640,0.21569785475730896
8641,0.02089202217757702
8642,-0.03620520606637001
8643,0.4033347964286804
8644,-0.06254862248897552
8645,0.08613943308591843
8646,0.346853107213974
8647,0.4285885691642761
8648,0.19306664168834686
8649,0.1706623136997223
8650,0.016824597492814064
8651,0.20566029846668243
8652,0.2518421709537506
8653,0.4633813798427582
8654,0.38856324553489685
8655,0.10564393550157547
8656,0.3993285596370697
8657,0.15997742116451263
8658,0.04606551304459572
8659,0.20943991839885712
8660,0.631866991519928
8661,0.5002816915512085
8662,0.04101893678307533
8663,0.10904039442539215
8664,0.2062273919582367
8665,0.4230917990207672
8666,0.21423910558223724
8667,0.17047372460365295
8668,0.3742437958717346
8669,0.05978134274482727
8670,0.19427859783172607
8671,0.11291412264108658
8672,0.43452921509742737
8673,0.12264224886894226
8674,0.3177971839904785
8675,0.20765085518360138
8676,0.19007912278175354
8677,0.5406272411346436
8678,0.2172425240278244
8679,0.17200294137001038
8680,0.12693381309509277
8681,0.09628552198410034
8682,0.11572897434234619
8683,0.22464697062969208
8684,0.39873427152633667
8685,0.08528275042772293
8686,0.37256038188934326
8687,0.4508284330368042
8688,0.2918315827846527
8689,0.182998925447464
8690,0.1432688683271408
8691,-0.05339781567454338
8692,0.10106357932090759
8693,0.4182504415512085
8694,0.13493169844150543
8695,0.3616100251674652
8696,0.5126739144325256
8697,0.1451997458934784
8698,0.12376406788825989
8699,0.39584726095199585
8700,-0.0005615602131001651
8701,0.6725454926490784
8702,0.06496710330247879
8703,0.23901192843914032
8704,0.004116191994398832
8705,0.17755231261253357
8706,0.08820930868387222
8707,0.14449521899223328
8708,0.24708548188209534
8709,0.18408924341201782
8710,0.17621834576129913
8711,0.32365378737449646
8712,0.05907098203897476
8713,0.043770939111709595
8714,0.20565414428710938
8715,0.308098167181015
8716,0.3165415823459625
8717,0.18657618761062622
8718,0.043380558490753174
8719,0.4023999869823456
8720,-0.10187097638845444
8721,0.021176869049668312
8722,0.09977569431066513
8723,0.07056305557489395
8724,0.14246580004692078
8725,0.12281611561775208
8726,0.4013591408729553
8727,0.10612383484840393
8728,0.17128686606884003
8729,0.015117265284061432
8730,0.45736566185951233
8731,0.14894843101501465
8732,0.05865619704127312
8733,0.04945708438754082
8734,0.23831817507743835
8735,0.19074127078056335
8736,0.07100017368793488
8737,0.048224590718746185
8738,0.34943923354148865
8739,0.19405597448349
8740,0.14560534060001373
8741,0.2802107334136963
8742,0.04458627849817276
8743,-0.011474468745291233
8744,0.03429901599884033
8745,0.413154661655426
8746,0.2502598464488983
8747,0.2561219334602356
8748,0.22484718263149261
8749,0.08857030421495438
8750,0.13893194496631622
8751,0.09865488857030869
8752,0.04356997460126877
8753,0.16800221800804138
8754,0.1398104429244995
8755,0.430711954832077
8756,0.09434164315462112
8757,0.5201748013496399
8758,0.2884213328361511
8759,0.11137751489877701
8760,0.5609593987464905
8761,0.10537967830896378
8762,0.22186167538166046
8763,0.11705677956342697
8764,0.5276212692260742
8765,0.11700458079576492
8766,0.5678568482398987
8767,0.12672734260559082
8768,0.2097848653793335
8769,0.18725594878196716
8770,0.12624402344226837
8771,0.4641062617301941
8772,0.6442857980728149
8773,0.12332912534475327
8774,0.09850411117076874
8775,0.10376209765672684
8776,0.03445262089371681
8777,0.6078543663024902
8778,0.1544523388147354
8779,0.442239373922348
8780,0.17746500670909882
8781,0.1973779946565628
8782,0.07787743210792542
8783,0.6607989072799683
8784,0.43195968866348267
8785,0.13489031791687012
8786,0.012941974215209484
8787,0.08744629472494125
8788,0.5645278692245483
8789,-0.10315161943435669
8790,0.08387935161590576
8791,0.23718178272247314
8792,0.43007439374923706
8793,0.26814597845077515
8794,0.25529056787490845
8795,0.6178789734840393
8796,0.17171475291252136
8797,0.4733563959598541
8798,0.47694194316864014
8799,0.3800703287124634
8800,0.1367582231760025
8801,0.10506978631019592
8802,0.7146279215812683
8803,0.1603856086730957
8804,0.11475521326065063
8805,0.10147082805633545
8806,0.19679731130599976
8807,0.5984406471252441
8808,0.10672150552272797
8809,0.1266007274389267
8810,-0.10038671642541885
8811,0.0535217821598053
8812,0.6124611496925354
8813,0.011384761892259121
8814,0.16809608042240143
8815,0.4814375340938568
8816,0.03745637834072113
8817,0.08287069946527481
8818,0.5045261979103088
8819,0.5114105939865112
8820,0.17411638796329498
8821,0.2283603996038437
8822,0.1856730431318283
8823,0.11137688159942627
8824,0.04356088116765022
8825,0.12776900827884674
8826,-0.07194064557552338
8827,-0.16885334253311157
8828,0.07191326469182968
8829,0.39485451579093933
8830,0.19990722835063934
8831,0.10727490484714508
8832,0.1812887340784073
8833,0.057168327271938324
8834,0.147910475730896
8835,0.15482766926288605
8836,0.5946314930915833
8837,0.12483463436365128
8838,0.5355408191680908
8839,0.1188233494758606
8840,0.15238957107067108
8841,0.10321053117513657
8842,0.7005696892738342
8843,0.27964454889297485
8844,0.40128421783447266
8845,0.32610467076301575
8846,0.09393440932035446
8847,0.02002790756523609
8848,0.1973307728767395
8849,-0.0002851625031325966
8850,0.14216065406799316
8851,0.10009565949440002
8852,0.2683509290218353
8853,0.10505834966897964
8854,0.053804200142621994
8855,0.08008924871683121
8856,0.363188236951828
8857,-0.030519094318151474
8858,0.184790700674057
8859,0.11358990520238876
8860,0.07989893853664398
8861,0.19122916460037231
8862,0.33000028133392334
8863,0.6417548060417175
8864,-0.05956035107374191
8865,0.03119056485593319
8866,0.32404786348342896
8867,0.32481878995895386
8868,0.2863718867301941
8869,-0.04852618649601936
8870,0.15960142016410828
8871,0.25832149386405945
8872,0.09151554107666016
8873,0.11157488822937012
8874,0.3333088457584381
8875,0.11964140087366104
8876,0.10374690592288971
8877,0.342456191778183
8878,0.4551852345466614
8879,0.1456603705883026
8880,0.04937602952122688
8881,0.294903427362442
8882,0.21932686865329742
8883,0.14845748245716095
8884,0.15471363067626953
8885,0.5069351196289062
8886,0.2942458391189575
8887,0.09141353517770767
8888,0.2665204703807831
8889,0.10689164698123932
8890,0.1769808679819107
8891,0.06760825961828232
8892,0.09121576696634293
8893,0.17363053560256958
8894,0.33771517872810364
8895,0.5493612289428711
8896,0.4112685024738312
8897,0.6917358636856079
8898,0.1866256147623062
8899,0.06517306715250015
8900,0.1935519278049469
8901,0.32741087675094604
8902,0.49280157685279846
8903,0.15462224185466766
8904,0.27097946405410767
8905,0.20173493027687073
8906,0.15676961839199066
8907,-0.0024578364100307226
8908,0.17831094563007355
8909,0.09331770241260529
8910,0.0296653863042593
8911,0.03532581776380539
8912,0.46419838070869446
8913,0.23330268263816833
8914,0.44624263048171997
8915,0.15704187750816345
8916,0.15948627889156342
8917,0.023921778425574303
8918,0.28120431303977966
8919,0.033162761479616165
8920,0.04311950132250786
8921,0.7684531211853027
8922,0.015778861939907074
8923,0.07848571240901947
8924,0.4743075966835022
8925,0.28170666098594666
8926,0.20297487080097198
8927,0.22827397286891937
8928,0.6685666441917419
8929,0.2930465638637543
8930,0.06257248669862747
8931,0.23716969788074493
8932,0.1582919955253601
8933,0.4567376375198364
8934,0.11419616639614105
8935,0.15665051341056824
8936,-0.0022177097853273153
8937,0.7246376872062683
8938,0.13281363248825073
8939,0.22927016019821167
8940,0.2467343956232071
8941,0.4961552619934082
8942,0.263841450214386
8943,0.1981726437807083
8944,-0.06359550356864929
8945,0.6681504845619202
8946,0.33443543314933777
8947,0.7353339195251465
8948,0.055309854447841644
8949,0.3848106563091278
8950,0.25446850061416626
8951,0.2146834284067154
8952,0.13702283799648285
8953,-0.0403374582529068
8954,0.24679191410541534
8955,0.1903398483991623
8956,0.3236311674118042
8957,0.4817124009132385
8958,0.5231053233146667
8959,0.6927792429924011
8960,-0.07658010721206665
8961,0.09388752281665802
8962,0.6833561658859253
8963,0.27055370807647705
8964,0.39640799164772034
8965,-0.002700481563806534
8966,0.042684320360422134
8967,0.0907079428434372
8968,0.1559561938047409
8969,0.40185022354125977
8970,0.1984098106622696
8971,0.07632163912057877
8972,0.482123464345932
8973,0.014168345369398594
8974,0.17773528397083282
8975,0.4680073857307434
8976,0.6394155025482178
8977,0.05497298017144203
8978,0.06076185032725334
8979,0.20307321846485138
8980,0.15203189849853516
8981,0.27802249789237976
8982,0.02844398282468319
8983,0.2781274616718292
8984,0.1039847582578659
8985,0.2556290924549103
8986,0.2946932017803192
8987,0.7428191900253296
8988,0.4075879454612732
8989,0.09149661660194397
8990,0.10626053065061569
8991,0.2912662625312805
8992,0.4656326174736023
8993,0.43853625655174255
8994,0.20946231484413147
8995,0.2680739462375641
8996,0.04268902540206909
8997,0.1824680119752884
8998,0.24209770560264587
8999,0.19318461418151855
9000,0.4080669581890106
9001,0.22425399720668793
9002,0.17436209321022034
9003,0.04988478496670723
9004,0.06375478953123093
9005,0.16175290942192078
9006,0.14197960495948792
9007,0.15111036598682404
9008,0.07490941137075424
9009,0.18529112637043
9010,0.001316821901127696
9011,0.20158140361309052
9012,0.3063587248325348
9013,-0.03854551166296005
9014,0.24331709742546082
9015,0.029996821656823158
9016,0.30957701802253723
9017,0.6304968595504761
9018,0.1503099948167801
9019,0.714999258518219
9020,0.13470613956451416
9021,0.18099620938301086
9022,0.03532498702406883
9023,0.32177698612213135
9024,0.3125072419643402
9025,0.15734505653381348
9026,0.12029533833265305
9027,0.7217273116111755
9028,0.11931393295526505
9029,0.15001428127288818
9030,0.3625441789627075
9031,0.19073165953159332
9032,0.0992875024676323
9033,0.3276032507419586
9034,0.3877634108066559
9035,0.13197079300880432
9036,0.16809746623039246
9037,0.041965510696172714
9038,0.06171543151140213
9039,0.061832960695028305
9040,0.07458848506212234
9041,-0.09551672637462616
9042,0.7069478034973145
9043,0.052393075078725815
9044,0.13692441582679749
9045,0.0061900680884718895
9046,0.18410126864910126
9047,0.1764768809080124
9048,0.209678515791893
9049,0.23790155351161957
9050,0.10639002919197083
9051,0.07933802157640457
9052,0.2804704010486603
9053,0.14599812030792236
9054,0.32970309257507324
9055,0.10276968032121658
9056,0.11041031032800674
9057,0.0930493026971817
9058,0.2664566934108734
9059,0.3021122217178345
9060,0.04362066835165024
9061,0.08546832203865051
9062,0.17204295098781586
9063,0.05987533554434776
9064,0.13194695115089417
9065,0.1511470526456833
9066,0.0763067826628685
9067,0.44665461778640747
9068,-0.08618701249361038
9069,-0.01378727238625288
9070,0.12365856766700745
9071,0.1506955474615097
9072,0.4170040786266327
9073,0.05275893211364746
9074,0.028832988813519478
9075,0.6807239651679993
9076,0.15028423070907593
9077,0.20905180275440216
9078,0.1370091736316681
9079,0.32551103830337524
9080,0.3216954171657562
9081,0.14219744503498077
9082,0.1932726949453354
9083,0.16485239565372467
9084,0.2681405246257782
9085,0.2402706742286682
9086,0.35860830545425415
9087,0.05240979045629501
9088,0.21517327427864075
9089,0.1739523708820343
9090,0.057554662227630615
9091,0.29047349095344543
9092,0.041858140379190445
9093,0.4628255367279053
9094,0.27087873220443726
9095,0.45500844717025757
9096,0.36234045028686523
9097,0.37211543321609497
9098,0.3951203525066376
9099,0.48070773482322693
9100,0.5486644506454468
9101,0.19904731214046478
9102,0.26825693249702454
9103,0.6475248336791992
9104,0.03899107128381729
9105,0.24345961213111877
9106,0.13758116960525513
9107,0.09945181012153625
9108,0.366009920835495
9109,0.0030000777915120125
9110,0.17334361374378204
9111,0.5088648796081543
9112,0.16320015490055084
9113,0.29129520058631897
9114,-0.023969337344169617
9115,0.06733270734548569
9116,0.08048117905855179
9117,0.08533022552728653
9118,0.45083126425743103
9119,0.08671305328607559
9120,0.06844401359558105
9121,0.04480170086026192
9122,0.27611422538757324
9123,0.11028499156236649
9124,0.036344002932310104
9125,0.23087845742702484
9126,0.11520658433437347
9127,0.47725921869277954
9128,0.16478531062602997
9129,0.13671205937862396
9130,0.15389852225780487
9131,0.19460490345954895
9132,0.1930587887763977
9133,0.2730143070220947
9134,0.5164880752563477
9135,0.09178411960601807
9136,0.22550897300243378
9137,0.05064666271209717
9138,0.19011472165584564
9139,0.1860402375459671
9140,0.13919991254806519
9141,0.32773134112358093
9142,0.19277223944664001
9143,0.379667192697525
9144,0.6845210790634155
9145,0.04338992014527321
9146,0.31446701288223267
9147,0.2711050510406494
9148,0.18132635951042175
9149,0.06975992023944855
9150,0.14623305201530457
9151,0.10601156204938889
9152,0.04936958849430084
9153,0.02518436685204506
9154,0.3920096457004547
9155,0.342271625995636
9156,0.3389086127281189
9157,0.04581841453909874
9158,0.16003771126270294
9159,0.454307496547699
9160,0.21795110404491425
9161,0.17334605753421783
9162,0.42664656043052673
9163,0.29166316986083984
9164,0.06893184781074524
9165,0.2770868241786957
9166,0.22602951526641846
9167,0.14066974818706512
9168,0.2540602385997772
9169,0.1663489192724228
9170,0.33503851294517517
9171,0.03701414167881012
9172,0.028417540714144707
9173,0.19431017339229584
9174,0.12790164351463318
9175,0.41769981384277344
9176,0.11229057610034943
9177,0.1444740891456604
9178,0.2486652284860611
9179,0.018867937847971916
9180,0.4323576092720032
9181,0.13547605276107788
9182,-0.04839278385043144
9183,0.466497540473938
9184,0.13521616160869598
9185,0.4348684847354889
9186,0.10962916165590286
9187,0.21059247851371765
9188,0.020066609606146812
9189,0.17758160829544067
9190,0.19031362235546112
9191,0.4418157935142517
9192,0.6525610089302063
9193,0.3627132177352905
9194,0.08974622189998627
9195,0.3851676881313324
9196,0.4122298061847687
9197,0.22386302053928375
9198,0.031814441084861755
9199,0.15418626368045807
9200,-0.06467054039239883
9201,0.1244133785367012
9202,0.1882244348526001
9203,0.4823310673236847
9204,0.19544094800949097
9205,0.3034045994281769
9206,0.19251011312007904
9207,0.6385141611099243
9208,0.22198355197906494
9209,0.16841231286525726
9210,0.14015574753284454
9211,0.4202740788459778
9212,0.126831516623497
9213,0.05928317457437515
9214,0.13087821006774902
9215,0.052662309259176254
9216,0.6381648778915405
9217,0.16098372638225555
9218,0.26693135499954224
9219,-0.005316559225320816
9220,0.652079701423645
9221,0.04822374880313873
9222,0.21063828468322754
9223,0.1417725682258606
9224,0.2802599370479584
9225,0.40997281670570374
9226,0.18155428767204285
9227,0.4721599221229553
9228,0.22570237517356873
9229,0.34166955947875977
9230,0.055181752890348434
9231,0.22769273817539215
9232,0.13009145855903625
9233,0.19986045360565186
9234,0.1971401423215866
9235,0.4413129389286041
9236,0.06788933277130127
9237,0.3907425105571747
9238,0.10055119544267654
9239,0.5654250383377075
9240,0.046861566603183746
9241,0.07804735749959946
9242,0.5687993764877319
9243,0.17536374926567078
9244,0.10561035573482513
9245,0.08980210870504379
9246,0.027003321796655655
9247,0.21653702855110168
9248,0.6737114191055298
9249,0.14238765835762024
9250,0.06497261673212051
9251,0.1042555421590805
9252,0.18373659253120422
9253,0.21078082919120789
9254,0.06420329213142395
9255,0.6041623950004578
9256,0.47578805685043335
9257,0.32166847586631775
9258,0.009990845806896687
9259,0.10541418939828873
9260,0.16673456132411957
9261,0.42278528213500977
9262,0.118798166513443
9263,0.26323479413986206
9264,0.22761933505535126
9265,0.14703495800495148
9266,0.1309647560119629
9267,0.09249238669872284
9268,0.4242592751979828
9269,0.43989282846450806
9270,0.13158564269542694
9271,0.13998623192310333
9272,0.15745234489440918
9273,0.08494792878627777
9274,0.6615808010101318
9275,0.27094072103500366
9276,0.18823106586933136
9277,0.30527788400650024
9278,0.031118426471948624
9279,0.02057994343340397
9280,0.005095241125673056
9281,0.2895980477333069
9282,0.09723975509405136
9283,0.6548063158988953
9284,0.36572515964508057
9285,0.10480308532714844
9286,0.3268131911754608
9287,0.1630830019712448
9288,0.6636462807655334
9289,0.15220610797405243
9290,0.4326605796813965
9291,0.3423587381839752
9292,0.108967125415802
9293,0.17940109968185425
9294,0.44048744440078735
9295,0.1318022459745407
9296,0.6684414148330688
9297,0.3173061013221741
9298,-0.07332341372966766
9299,0.40927132964134216
9300,0.18367044627666473
9301,0.09564334899187088
9302,0.1742859035730362
9303,0.10311149805784225
9304,0.7588077783584595
9305,0.2989615797996521
9306,0.5896990895271301
9307,0.0623571015894413
9308,0.7048139572143555
9309,0.3960612416267395
9310,0.06248927116394043
9311,0.39115628600120544
9312,0.10898040235042572
9313,0.04160262644290924
9314,0.13352558016777039
9315,0.18502116203308105
9316,0.021851330995559692
9317,0.26176461577415466
9318,0.029316119849681854
9319,0.2256411612033844
9320,0.07387571781873703
9321,0.25122275948524475
9322,0.39987048506736755
9323,0.6906401515007019
9324,0.1657145917415619
9325,0.18776923418045044
9326,0.1879570037126541
9327,0.6887344121932983
9328,0.684127688407898
9329,0.2037753313779831
9330,0.4201070964336395
9331,0.048979710787534714
9332,0.44391441345214844
9333,0.228408545255661
9334,0.12290134280920029
9335,0.011985443532466888
9336,0.12941177189350128
9337,0.2640734612941742
9338,0.19326835870742798
9339,0.40680524706840515
9340,0.19396062195301056
9341,0.11050918698310852
9342,0.26230674982070923
9343,0.2793644070625305
9344,0.34154897928237915
9345,0.4412028193473816
9346,0.04228564351797104
9347,-0.08206820487976074
9348,0.46844935417175293
9349,-0.09505569189786911
9350,0.000316539837513119
9351,-0.0750761330127716
9352,0.4806118607521057
9353,0.42532312870025635
9354,0.29903504252433777
9355,0.13766345381736755
9356,0.7116640210151672
9357,0.1340002864599228
9358,0.18138492107391357
9359,0.15404297411441803
9360,0.3597762882709503
9361,0.47054314613342285
9362,0.7450258135795593
9363,-0.002934823278337717
9364,0.3864876627922058
9365,0.1461244374513626
9366,0.03496023640036583
9367,0.3717535138130188
9368,0.1943606436252594
9369,0.5242105722427368
9370,0.1426079422235489
9371,0.06132346764206886
9372,0.5266764760017395
9373,0.17677271366119385
9374,0.17416580021381378
9375,-0.02803165093064308
9376,-0.022993482649326324
9377,0.03206358104944229
9378,0.2710697054862976
9379,0.5434511303901672
9380,0.10252940654754639
9381,0.5113603472709656
9382,0.12600988149642944
9383,0.2740565240383148
9384,0.278202086687088
9385,0.1395735889673233
9386,0.0867934376001358
9387,0.1526706963777542
9388,0.18626384437084198
9389,0.27417272329330444
9390,0.2767624855041504
9391,0.10286402702331543
9392,0.13239096105098724
9393,0.1751611977815628
9394,0.18748678267002106
9395,0.7241086959838867
9396,0.20670810341835022
9397,0.23449619114398956
9398,0.13284727931022644
9399,0.3970450162887573
9400,0.12505322694778442
9401,0.1984732449054718
9402,-0.0889408141374588
9403,-0.06337243318557739
9404,0.6917215585708618
9405,0.17240022122859955
9406,0.17130987346172333
9407,0.0515059269964695
9408,0.2338399440050125
9409,0.0393904410302639
9410,0.6649247407913208
9411,0.1794697791337967
9412,-0.012639323249459267
9413,0.13602623343467712
9414,0.3200668394565582
9415,0.4533337950706482
9416,0.379756361246109
9417,0.0432707816362381
9418,-0.06752559542655945
9419,0.04559413343667984
9420,0.22606928646564484
9421,0.22047962248325348
9422,0.28581634163856506
9423,0.6346747875213623
9424,-0.05061793327331543
9425,0.2005351483821869
9426,-0.08245991915464401
9427,0.11316534876823425
9428,0.1265992373228073
9429,0.4860088527202606
9430,0.15126203000545502
9431,0.3097914159297943
9432,0.042217276990413666
9433,0.5876764059066772
9434,0.4041863679885864
9435,0.7168089151382446
9436,-0.04364112764596939
9437,0.2967420518398285
9438,0.1926833838224411
9439,0.36934995651245117
9440,0.4499146044254303
9441,0.15051136910915375
9442,0.24103686213493347
9443,0.2564699947834015
9444,0.12011519819498062
9445,0.029780728742480278
9446,0.5206025242805481
9447,0.7077404856681824
9448,-0.052237946540117264
9449,0.37866199016571045
9450,0.14936788380146027
9451,0.2105681449174881
9452,0.10170069336891174
9453,0.19174489378929138
9454,0.5242575407028198
9455,-0.04489594325423241
9456,0.13908562064170837
9457,-0.00320008909329772
9458,0.06249086931347847
9459,0.46830859780311584
9460,0.29943814873695374
9461,0.5531637072563171
9462,0.15205778181552887
9463,0.17363989353179932
9464,0.38231199979782104
9465,-0.06874754279851913
9466,0.15327490866184235
9467,0.21841029822826385
9468,0.28283926844596863
9469,0.7332388162612915
9470,0.11531035602092743
9471,0.3782036304473877
9472,0.4042714238166809
9473,0.19748668372631073
9474,0.47435837984085083
9475,0.14474670588970184
9476,0.28372132778167725
9477,0.09422048181295395
9478,0.1941959112882614
9479,0.5771905779838562
9480,-0.039894331246614456
9481,0.1408216953277588
9482,0.42988425493240356
9483,0.047290608286857605
9484,0.10924700647592545
9485,0.323236346244812
9486,0.30758094787597656
9487,0.046756330877542496
9488,0.11653964966535568
9489,0.023409200832247734
9490,0.16399748623371124
9491,0.30935490131378174
9492,0.2100493609905243
9493,0.1789122074842453
9494,0.45132648944854736
9495,-0.03232451155781746
9496,0.3356509506702423
9497,0.05932183936238289
9498,0.4664793610572815
9499,0.6420934796333313
9500,0.0690453052520752
9501,0.17472723126411438
9502,0.3767082691192627
9503,0.04287286847829819
9504,0.27336135506629944
9505,0.014290843158960342
9506,0.3113989531993866
9507,0.07800903916358948
9508,0.09233968704938889
9509,0.13186867535114288
9510,0.1816665530204773
9511,0.04615066573023796
9512,0.07301044464111328
9513,0.1747807413339615
9514,0.1805705726146698
9515,0.6364206671714783
9516,0.08431016653776169
9517,0.33228564262390137
9518,-0.09500067681074142
9519,0.10448244959115982
9520,0.11606919765472412
9521,0.48543816804885864
9522,0.15445126593112946
9523,0.04468034207820892
9524,0.6612828969955444
9525,0.670383632183075
9526,0.12823276221752167
9527,0.0658576637506485
9528,0.7237122654914856
9529,0.15819965302944183
9530,0.1873963475227356
9531,0.24814791977405548
9532,0.14118587970733643
9533,0.19077925384044647
9534,0.05125463753938675
9535,0.20596224069595337
9536,0.19614362716674805
9537,0.6954352855682373
9538,0.1783783733844757
9539,0.12527547776699066
9540,-0.02691262774169445
9541,0.21412405371665955
9542,0.34230008721351624
9543,0.07438237220048904
9544,0.36018821597099304
9545,0.15104416012763977
9546,-0.019168825820088387
9547,0.2663116455078125
9548,0.1664879322052002
9549,0.2588368058204651
9550,0.07684733718633652
9551,0.7448472380638123
9552,0.4972032606601715
9553,0.4352779984474182
9554,0.089548759162426
9555,0.24650195240974426
9556,0.6782991886138916
9557,0.3959847390651703
9558,0.08618543297052383
9559,0.2647094428539276
9560,0.12915849685668945
9561,0.05169085040688515
9562,0.40073060989379883
9563,0.20887143909931183
9564,0.275356650352478
9565,0.5362699031829834
9566,0.12343370169401169
9567,0.2737283706665039
9568,0.20973457396030426
9569,0.10543949902057648
9570,0.31271013617515564
9571,0.3859073519706726
9572,0.42011794447898865
9573,0.2898467779159546
9574,0.19768273830413818
9575,0.47331687808036804
9576,0.055026717483997345
9577,-0.06404643505811691
9578,0.5835322737693787
9579,0.33377406001091003
9580,0.018189923837780952
9581,0.09417124837636948
9582,0.5073762536048889
9583,0.32769766449928284
9584,0.6899085640907288
9585,0.13441716134548187
9586,0.3166694939136505
9587,0.0910479873418808
9588,0.15575791895389557
9589,0.4547366201877594
9590,0.10275540500879288
9591,-0.1011444553732872
9592,0.01282324269413948
9593,0.21365278959274292
9594,0.17534604668617249
9595,0.16621914505958557
9596,0.18391261994838715
9597,0.04255808889865875
9598,0.062085751444101334
9599,0.15486061573028564
9600,0.1604246348142624
9601,0.31986069679260254
9602,0.6204416155815125
9603,-0.021219372749328613
9604,0.2625160813331604
9605,0.17266623675823212
9606,0.1396239846944809
9607,0.16384683549404144
9608,0.15324866771697998
9609,0.3499974012374878
9610,0.2760089337825775
9611,-0.013080202043056488
9612,0.13928712904453278
9613,0.4026121199131012
9614,0.33203592896461487
9615,0.17305973172187805
9616,0.18455994129180908
9617,0.07200489938259125
9618,0.2530677020549774
9619,0.2819729149341583
9620,0.4190658926963806
9621,-0.012699959799647331
9622,0.05198744311928749
9623,0.3844338357448578
9624,0.2299719601869583
9625,0.6460463404655457
9626,0.38192421197891235
9627,0.13124483823776245
9628,0.4620917737483978
9629,0.7760401368141174
9630,0.42392465472221375
9631,0.16057951748371124
9632,-0.11664632707834244
9633,0.24335549771785736
9634,0.5478347539901733
9635,0.17887698113918304
9636,0.5434290766716003
9637,0.19225506484508514
9638,0.24957266449928284
9639,-0.033551253378391266
9640,-0.028109993785619736
9641,0.6346405148506165
9642,0.13708868622779846
9643,0.11794349551200867
9644,0.05472629517316818
9645,0.3119874596595764
9646,0.5738259553909302
9647,0.11731438338756561
9648,0.2838185429573059
9649,0.10555490851402283
9650,0.42381665110588074
9651,0.24906380474567413
9652,-0.011000905185937881
9653,0.1869783252477646
9654,0.02340484969317913
9655,0.29952430725097656
9656,0.12884625792503357
9657,0.5057854056358337
9658,0.2770316004753113
9659,0.4001031517982483
9660,0.19389285147190094
9661,0.27446576952934265
9662,0.46231529116630554
9663,0.18633176386356354
9664,0.16604083776474
9665,0.3781433701515198
9666,-0.07365840673446655
9667,0.05786539614200592
9668,0.11907337605953217
9669,-0.023179206997156143
9670,0.1250089406967163
9671,0.3305448591709137
9672,0.07946799695491791
9673,0.08739764243364334
9674,0.12891462445259094
9675,0.4009672701358795
9676,0.324763685464859
9677,0.2738310694694519
9678,0.008279645815491676
9679,0.07505404949188232
9680,0.2732054591178894
9681,0.11466222256422043
9682,0.6356890797615051
9683,0.2501590847969055
9684,0.10876239836215973
9685,0.18028438091278076
9686,0.04771757498383522
9687,0.6622896790504456
9688,0.6845651268959045
9689,0.2394002228975296
9690,0.22344589233398438
9691,0.07715807855129242
9692,-0.00874844379723072
9693,0.1084550991654396
9694,0.07198516279459
9695,0.1359633356332779
9696,0.5232058763504028
9697,0.15327070653438568
9698,0.15056781470775604
9699,0.5236578583717346
9700,0.7409119009971619
9701,0.1586400270462036
9702,0.03274340182542801
9703,0.18589521944522858
9704,0.3621140420436859
9705,0.5091261863708496
9706,0.09234528243541718
9707,0.29499372839927673
9708,0.4776352643966675
9709,0.6893491148948669
9710,0.35477879643440247
9711,0.6841415166854858
9712,0.16702990233898163
9713,0.18217971920967102
9714,0.7146493792533875
9715,0.088277168571949
9716,0.18058885633945465
9717,0.10852894186973572
9718,0.46178263425827026
9719,0.13949650526046753
9720,0.08784125745296478
9721,0.16376060247421265
9722,0.10723508894443512
9723,0.6697455048561096
9724,0.2722391188144684
9725,0.41748499870300293
9726,0.09631525725126266
9727,0.6812620759010315
9728,0.34393665194511414
9729,0.13395647704601288
9730,0.34155508875846863
9731,0.7340359091758728
9732,0.3458592891693115
9733,0.364862859249115
9734,0.4319854974746704
9735,-0.04816483333706856
9736,0.47922107577323914
9737,0.08857276290655136
9738,0.019310427829623222
9739,0.3150905668735504
9740,0.1310255080461502
9741,0.09709054231643677
9742,0.4185609817504883
9743,0.21660618484020233
9744,0.08856095373630524
9745,0.2448849380016327
9746,0.09622199088335037
9747,-0.003420083085075021
9748,0.02500435896217823
9749,0.24384434521198273
9750,0.2790832817554474
9751,0.07836218178272247
9752,0.2693011462688446
9753,0.27353355288505554
9754,0.05392462760210037
9755,0.3324006199836731
9756,0.09264814853668213
9757,0.15535062551498413
9758,0.11761930584907532
9759,-0.06428000330924988
9760,0.09341760724782944
9761,0.09439250081777573
9762,0.0687096044421196
9763,0.10207865387201309
9764,0.12296313792467117
9765,0.1702372133731842
9766,0.4322792589664459
9767,0.1472107470035553
9768,0.227572962641716
9769,0.056812357157468796
9770,-0.07654069364070892
9771,0.11094696819782257
9772,-0.05971016362309456
9773,-0.003915398381650448
9774,0.144938662648201
9775,0.10605369508266449
9776,0.41947653889656067
9777,0.45567119121551514
9778,0.07685727626085281
9779,-0.026855794712901115
9780,0.17412737011909485
9781,0.060488831251859665
9782,0.5144522190093994
9783,0.13423292338848114
9784,0.07492363452911377
9785,0.11131048947572708
9786,0.6813382506370544
9787,0.24035081267356873
9788,0.13546256721019745
9789,0.4011278450489044
9790,0.39338576793670654
9791,0.45932963490486145
9792,0.21584241092205048
9793,0.4204571843147278
9794,0.6483810544013977
9795,0.15315718948841095
9796,0.435994952917099
9797,0.0882519856095314
9798,0.1694384068250656
9799,0.6152130365371704
9800,0.2805866599082947
9801,0.1508297622203827
9802,0.03547559678554535
9803,0.3728354871273041
9804,0.07507132738828659
9805,0.15755310654640198
9806,0.28215840458869934
9807,0.35264113545417786
9808,0.023312769830226898
9809,0.3010222017765045
9810,0.2275433987379074
9811,0.033491287380456924
9812,0.012744237668812275
9813,0.4916066527366638
9814,0.09826680272817612
9815,0.18206511437892914
9816,0.796894907951355
9817,0.2735292911529541
9818,0.18535633385181427
9819,0.09515410661697388
9820,-0.05275017395615578
9821,0.30649223923683167
9822,-0.02463742345571518
9823,0.1792994886636734
9824,-0.034493476152420044
9825,0.0754430890083313
9826,0.34047931432724
9827,0.24951405823230743
9828,0.8174354434013367
9829,0.06174774840474129
9830,0.1787557601928711
9831,-0.03450222685933113
9832,0.10776236653327942
9833,0.11328654736280441
9834,0.3771747052669525
9835,0.05460715293884277
9836,0.18319012224674225
9837,0.1750822514295578
9838,0.44324633479118347
9839,0.5556581020355225
9840,0.05400827154517174
9841,0.7899846434593201
9842,0.14024364948272705
9843,0.15014247596263885
9844,0.33070269227027893
9845,0.41372886300086975
9846,-0.009096560068428516
9847,0.5617729425430298
9848,0.2641296982765198
9849,0.3120904266834259
9850,0.27251046895980835
9851,0.07368237525224686
9852,0.3663211166858673
9853,0.1403622031211853
9854,0.1801508516073227
9855,0.171578049659729
9856,0.08113736659288406
9857,0.20823583006858826
9858,0.6948358416557312
9859,0.17449451982975006
9860,0.37679746747016907
9861,-0.03968968987464905
9862,0.07245062291622162
9863,0.552282452583313
9864,0.45030850172042847
9865,0.25740620493888855
9866,0.5044891238212585
9867,0.18654631078243256
9868,0.29972800612449646
9869,0.10283063352108002
9870,0.05711664631962776
9871,0.2437317818403244
9872,-0.04648660123348236
9873,0.4941067397594452
9874,-0.06542133539915085
9875,0.20783664286136627
9876,-0.031835686415433884
9877,0.7086718678474426
9878,0.1808464080095291
9879,0.486737459897995
9880,0.04124832898378372
9881,0.14905819296836853
9882,0.0548374205827713
9883,0.28457367420196533
9884,0.12691016495227814
9885,0.1426016390323639
9886,0.37540966272354126
9887,0.3340480327606201
9888,0.10283774882555008
9889,-0.0008178233983926475
9890,0.0886421650648117
9891,0.3178216218948364
9892,0.4077240228652954
9893,0.295085608959198
9894,0.19559557735919952
9895,0.09943220019340515
9896,0.4673338830471039
9897,0.3762476444244385
9898,0.1481788158416748
9899,0.0529320165514946
9900,0.3452693521976471
9901,0.6095631122589111
9902,0.6047053337097168
9903,0.3649161159992218
9904,-0.01690133474767208
9905,0.02569728158414364
9906,0.6925365328788757
9907,0.2537279427051544
9908,0.22648708522319794
9909,0.4432733356952667
9910,0.1627485454082489
9911,0.6497734785079956
9912,0.22272416949272156
9913,0.16252979636192322
9914,0.2833937108516693
9915,0.44986408948898315
9916,0.16772975027561188
9917,0.4282820522785187
9918,0.11996852606534958
9919,0.4842013716697693
9920,-0.06688325852155685
9921,0.1616516411304474
9922,0.09018374979496002
9923,0.03863678500056267
9924,0.06108703091740608
9925,0.17887955904006958
9926,0.17946921288967133
9927,0.1409212350845337
9928,0.14796631038188934
9929,0.4849489629268646
9930,0.5342752933502197
9931,0.2625086009502411
9932,-0.057462576776742935
9933,0.19173607230186462
9934,0.17011411488056183
9935,0.07105474174022675
9936,0.4848679304122925
9937,0.18361568450927734
9938,0.1055256798863411
9939,0.12260536849498749
9940,0.12750662863254547
9941,0.15753690898418427
9942,-0.005029389169067144
9943,0.38612183928489685
9944,0.02452550083398819
9945,0.1316303163766861
9946,0.030954033136367798
9947,0.1319301426410675
9948,0.1441883146762848
9949,0.1672932505607605
9950,0.1822691261768341
9951,0.23867397010326385
9952,0.18139441311359406
9953,-0.1042398139834404
9954,0.21376830339431763
9955,0.22149436175823212
9956,0.024467753246426582
9957,0.3000201880931854
9958,0.5371192097663879
9959,0.13509956002235413
9960,-0.09253254532814026
9961,0.3783625066280365
9962,0.18521930277347565
9963,0.38308975100517273
9964,0.1627475619316101
9965,0.17932343482971191
9966,0.05863625183701515
9967,-0.005552266724407673
9968,0.10219336301088333
9969,0.14228570461273193
9970,0.0176975317299366
9971,0.014706511050462723
9972,0.2209303379058838
9973,-0.02553495392203331
9974,0.10751955956220627
9975,0.25868159532546997
9976,0.35957157611846924
9977,-0.09678886830806732
9978,0.1494911015033722
9979,0.22618317604064941
9980,0.07329939305782318
9981,0.06743165105581284
9982,0.1356402188539505
9983,0.1075243204832077
9984,0.04122363403439522
9985,0.22401480376720428
9986,-0.0277820136398077
9987,-0.010562010109424591
9988,0.11797752231359482
9989,0.03751250356435776
9990,-0.027291469275951385
9991,0.1004733219742775
9992,0.07025612145662308
9993,0.15247583389282227
9994,0.1572285294532776
9995,0.038167212158441544
9996,0.43096479773521423
9997,0.44721299409866333
9998,0.4869815707206726
9999,-0.06052695959806442
